filename	num_maxima	area	dapi	yh2ax
211210_BD294_yh2ax_CIS100_NCS100_BRQ100_REPS1-2-3_041_R3D_D3D.dv	2	80.961	449.499	330.126
211210_BD294_yh2ax_CIS100_NCS100_BRQ100_REPS1-2-3_041_R3D_D3D.dv	20	139.173	577.878	478.727
211210_BD294_yh2ax_CIS100_NCS100_BRQ100_REPS1-2-3_041_R3D_D3D.dv	1	87.271	532.406	280.748
211210_BD294_yh2ax_CIS100_NCS100_BRQ100_REPS1-2-3_041_R3D_D3D.dv	14	161.647	591.193	858.977
211210_BD294_yh2ax_CIS100_NCS100_BRQ100_REPS1-2-3_041_R3D_D3D.dv	12	129.455	545.236	857.264
211210_BD294_yh2ax_CIS100_NCS100_BRQ100_REPS1-2-3_041_R3D_D3D.dv	13	129.824	698.217	649.192
211210_BD294_yh2ax_CIS100_NCS100_BRQ100_REPS1-2-3_041_R3D_D3D.dv	10	133.923	615.731	450.467
211210_BD294_yh2ax_CIS100_NCS100_BRQ100_REPS1-2-3_041_R3D_D3D.dv	1	66.040	509.791	275.821
211210_BD294_yh2ax_CIS100_NCS100_BRQ100_REPS1-2-3_041_R3D_D3D.dv	12	168.094	515.331	404.800
211210_BD294_yh2ax_CIS100_NCS100_BRQ100_REPS1-2-3_041_R3D_D3D.dv	1	78.567	546.000	399.625
211210_BD294_yh2ax_CIS100_NCS100_BRQ100_REPS1-2-3_041_R3D_D3D.dv	9	103.574	554.454	592.302
211210_BD294_yh2ax_CIS100_NCS100_BRQ100_REPS1-2-3_042_R3D_D3D.dv	1	129.455	271.095	298.024
211210_BD294_yh2ax_CIS100_NCS100_BRQ100_REPS1-2-3_042_R3D_D3D.dv	15	166.114	404.812	385.326
211210_BD294_yh2ax_CIS100_NCS100_BRQ100_REPS1-2-3_042_R3D_D3D.dv	7	140.370	641.421	355.498
211210_BD294_yh2ax_CIS100_NCS100_BRQ100_REPS1-2-3_042_R3D_D3D.dv	7	127.199	651.286	388.885
211210_BD294_yh2ax_CIS100_NCS100_BRQ100_REPS1-2-3_042_R3D_D3D.dv	2	90.034	499.838	386.559
211210_BD294_yh2ax_CIS100_NCS100_BRQ100_REPS1-2-3_042_R3D_D3D.dv	13	107.028	310.478	675.057
211210_BD294_yh2ax_CIS100_NCS100_BRQ100_REPS1-2-3_042_R3D_D3D.dv	21	147.646	645.476	804.953
211210_BD294_yh2ax_CIS100_NCS100_BRQ100_REPS1-2-3_042_R3D_D3D.dv	25	205.673	411.148	490.329
211210_BD294_yh2ax_CIS100_NCS100_BRQ100_REPS1-2-3_042_R3D_D3D.dv	14	176.061	468.855	486.409
211210_BD294_yh2ax_CIS100_NCS100_BRQ100_REPS1-2-3_042_R3D_D3D.dv	10	104.863	520.852	1063.291
211210_BD294_yh2ax_CIS100_NCS100_BRQ100_REPS1-2-3_042_R3D_D3D.dv	2	81.698	612.839	384.020
211210_BD294_yh2ax_CIS100_NCS100_BRQ100_REPS1-2-3_042_R3D_D3D.dv	14	125.449	434.333	456.562
211210_BD294_yh2ax_CIS100_NCS100_BRQ100_REPS1-2-3_042_R3D_D3D.dv	0	78.198	396.743	243.527
211210_BD294_yh2ax_CIS100_NCS100_BRQ100_REPS1-2-3_043_R3D_D3D.dv	12	180.805	605.997	453.882
211210_BD294_yh2ax_CIS100_NCS100_BRQ100_REPS1-2-3_043_R3D_D3D.dv	0	82.389	500.120	232.586
211210_BD294_yh2ax_CIS100_NCS100_BRQ100_REPS1-2-3_043_R3D_D3D.dv	20	207.976	401.066	393.167
211210_BD294_yh2ax_CIS100_NCS100_BRQ100_REPS1-2-3_043_R3D_D3D.dv	18	170.074	649.894	785.056
211210_BD294_yh2ax_CIS100_NCS100_BRQ100_REPS1-2-3_043_R3D_D3D.dv	21	194.436	543.551	540.046
211210_BD294_yh2ax_CIS100_NCS100_BRQ100_REPS1-2-3_043_R3D_D3D.dv	19	117.942	540.593	690.836
211210_BD294_yh2ax_CIS100_NCS100_BRQ100_REPS1-2-3_043_R3D_D3D.dv	1	160.587	489.459	258.122
211210_BD294_yh2ax_CIS100_NCS100_BRQ100_REPS1-2-3_043_R3D_D3D.dv	0	52.685	373.420	202.725
211210_BD294_yh2ax_CIS100_NCS100_BRQ100_REPS1-2-3_043_R3D_D3D.dv	2	86.396	378.916	308.965
211210_BD294_yh2ax_CIS100_NCS100_BRQ100_REPS1-2-3_044_R3D_D3D.dv	5	101.685	421.136	450.033
211210_BD294_yh2ax_CIS100_NCS100_BRQ100_REPS1-2-3_044_R3D_D3D.dv	6	141.936	684.065	522.869
211210_BD294_yh2ax_CIS100_NCS100_BRQ100_REPS1-2-3_044_R3D_D3D.dv	9	169.245	788.098	1041.944
211210_BD294_yh2ax_CIS100_NCS100_BRQ100_REPS1-2-3_044_R3D_D3D.dv	5	142.166	696.261	437.440
211210_BD294_yh2ax_CIS100_NCS100_BRQ100_REPS1-2-3_044_R3D_D3D.dv	0	125.817	573.766	259.865
211210_BD294_yh2ax_CIS100_NCS100_BRQ100_REPS1-2-3_044_R3D_D3D.dv	13	111.357	687.790	621.794
211210_BD294_yh2ax_CIS100_NCS100_BRQ100_REPS1-2-3_044_R3D_D3D.dv	10	133.324	501.550	486.284
211210_BD294_yh2ax_CIS100_NCS100_BRQ100_REPS1-2-3_045_R3D_D3D.dv	5	119.508	507.206	642.655
211210_BD294_yh2ax_CIS100_NCS100_BRQ100_REPS1-2-3_045_R3D_D3D.dv	16	141.982	494.440	458.490
211210_BD294_yh2ax_CIS100_NCS100_BRQ100_REPS1-2-3_045_R3D_D3D.dv	11	128.350	568.260	404.112
211210_BD294_yh2ax_CIS100_NCS100_BRQ100_REPS1-2-3_045_R3D_D3D.dv	1	95.606	389.770	229.275
211210_BD294_yh2ax_CIS100_NCS100_BRQ100_REPS1-2-3_045_R3D_D3D.dv	1	81.652	527.523	247.358
211210_BD294_yh2ax_CIS100_NCS100_BRQ100_REPS1-2-3_045_R3D_D3D.dv	1	146.910	434.455	333.201
211210_BD294_yh2ax_CIS100_NCS100_BRQ100_REPS1-2-3_045_R3D_D3D.dv	15	127.475	462.780	843.903
211210_BD294_yh2ax_CIS100_NCS100_BRQ100_REPS1-2-3_045_R3D_D3D.dv	5	109.376	453.179	478.657
211210_BD294_yh2ax_CIS100_NCS100_BRQ100_REPS1-2-3_045_R3D_D3D.dv	10	170.857	557.457	504.832
211210_BD294_yh2ax_CIS100_NCS100_BRQ100_REPS1-2-3_045_R3D_D3D.dv	11	171.087	639.193	442.271
211210_BD294_yh2ax_CIS100_NCS100_BRQ100_REPS1-2-3_045_R3D_D3D.dv	15	192.042	352.174	443.988
211210_BD294_yh2ax_CIS100_NCS100_BRQ100_REPS1-2-3_045_R3D_D3D.dv	7	115.916	501.770	973.173
211210_BD294_yh2ax_CIS100_NCS100_BRQ100_REPS1-2-3_045_R3D_D3D.dv	1	82.159	504.302	407.178
211210_BD294_yh2ax_CIS100_NCS100_BRQ100_REPS1-2-3_046_R3D_D3D.dv	1	70.139	489.437	447.492
211210_BD294_yh2ax_CIS100_NCS100_BRQ100_REPS1-2-3_046_R3D_D3D.dv	12	149.212	572.061	563.737
211210_BD294_yh2ax_CIS100_NCS100_BRQ100_REPS1-2-3_046_R3D_D3D.dv	7	121.028	672.646	427.250
211210_BD294_yh2ax_CIS100_NCS100_BRQ100_REPS1-2-3_046_R3D_D3D.dv	13	135.166	616.344	470.652
211210_BD294_yh2ax_CIS100_NCS100_BRQ100_REPS1-2-3_046_R3D_D3D.dv	11	116.514	618.172	408.300
211210_BD294_yh2ax_CIS100_NCS100_BRQ100_REPS1-2-3_046_R3D_D3D.dv	3	74.284	498.856	426.729
211210_BD294_yh2ax_CIS100_NCS100_BRQ100_REPS1-2-3_046_R3D_D3D.dv	3	121.903	524.408	425.417
211210_BD294_yh2ax_CIS100_NCS100_BRQ100_REPS1-2-3_046_R3D_D3D.dv	5	97.725	551.264	686.237
211210_BD294_yh2ax_CIS100_NCS100_BRQ100_REPS1-2-3_046_R3D_D3D.dv	19	103.297	429.057	569.166
211210_BD294_yh2ax_CIS100_NCS100_BRQ100_REPS1-2-3_046_R3D_D3D.dv	7	126.969	606.472	355.657
211210_BD294_yh2ax_CIS100_NCS100_BRQ100_REPS1-2-3_046_R3D_D3D.dv	1	97.034	403.615	326.780
211210_BD294_yh2ax_CIS100_NCS100_BRQ100_REPS1-2-3_046_R3D_D3D.dv	9	137.561	695.407	588.412
211210_BD294_yh2ax_CIS100_NCS100_BRQ100_REPS1-2-3_046_R3D_D3D.dv	1	77.369	473.081	235.564
211210_BD294_yh2ax_CIS100_NCS100_BRQ100_REPS1-2-3_047_R3D_D3D.dv	4	96.481	469.495	414.034
211210_BD294_yh2ax_CIS100_NCS100_BRQ100_REPS1-2-3_047_R3D_D3D.dv	18	130.469	642.535	760.294
211210_BD294_yh2ax_CIS100_NCS100_BRQ100_REPS1-2-3_047_R3D_D3D.dv	1	85.797	485.597	273.258
211210_BD294_yh2ax_CIS100_NCS100_BRQ100_REPS1-2-3_047_R3D_D3D.dv	0	86.902	554.346	240.691
211210_BD294_yh2ax_CIS100_NCS100_BRQ100_REPS1-2-3_047_R3D_D3D.dv	14	130.192	634.895	1014.677
211210_BD294_yh2ax_CIS100_NCS100_BRQ100_REPS1-2-3_047_R3D_D3D.dv	12	164.594	578.922	515.587
211210_BD294_yh2ax_CIS100_NCS100_BRQ100_REPS1-2-3_047_R3D_D3D.dv	13	121.534	663.787	550.244
211210_BD294_yh2ax_CIS100_NCS100_BRQ100_REPS1-2-3_047_R3D_D3D.dv	3	80.777	542.839	368.299
211210_BD294_yh2ax_CIS100_NCS100_BRQ100_REPS1-2-3_047_R3D_D3D.dv	3	116.514	584.675	338.427
211210_BD294_yh2ax_CIS100_NCS100_BRQ100_REPS1-2-3_047_R3D_D3D.dv	2	115.732	624.331	406.955
211210_BD294_yh2ax_CIS100_NCS100_BRQ100_REPS1-2-3_047_R3D_D3D.dv	3	88.975	519.216	294.833
211210_BD294_yh2ax_CIS100_NCS100_BRQ100_REPS1-2-3_047_R3D_D3D.dv	4	138.620	445.376	357.922
211210_BD294_yh2ax_CIS100_NCS100_BRQ100_REPS1-2-3_047_R3D_D3D.dv	14	142.212	656.392	507.874
211210_BD294_yh2ax_CIS100_NCS100_BRQ100_REPS1-2-3_048_R3D_D3D.dv	4	88.698	415.625	495.570
211210_BD294_yh2ax_CIS100_NCS100_BRQ100_REPS1-2-3_048_R3D_D3D.dv	3	73.271	427.564	303.921
211210_BD294_yh2ax_CIS100_NCS100_BRQ100_REPS1-2-3_048_R3D_D3D.dv	20	162.153	656.134	905.580
211210_BD294_yh2ax_CIS100_NCS100_BRQ100_REPS1-2-3_048_R3D_D3D.dv	6	115.087	537.437	554.108
211210_BD294_yh2ax_CIS100_NCS100_BRQ100_REPS1-2-3_048_R3D_D3D.dv	3	99.199	366.092	375.994
211210_BD294_yh2ax_CIS100_NCS100_BRQ100_REPS1-2-3_048_R3D_D3D.dv	11	171.087	468.067	398.466
211210_BD294_yh2ax_CIS100_NCS100_BRQ100_REPS1-2-3_049_R3D_D3D.dv	1	137.100	617.669	307.332
211210_BD294_yh2ax_CIS100_NCS100_BRQ100_REPS1-2-3_049_R3D_D3D.dv	12	120.521	566.344	424.723
211210_BD294_yh2ax_CIS100_NCS100_BRQ100_REPS1-2-3_049_R3D_D3D.dv	0	92.751	437.806	210.603
211210_BD294_yh2ax_CIS100_NCS100_BRQ100_REPS1-2-3_049_R3D_D3D.dv	25	153.541	623.236	632.675
211210_BD294_yh2ax_CIS100_NCS100_BRQ100_REPS1-2-3_049_R3D_D3D.dv	13	152.943	464.208	418.721
211210_BD294_yh2ax_CIS100_NCS100_BRQ100_REPS1-2-3_049_R3D_D3D.dv	1	94.823	364.665	345.249
211210_BD294_yh2ax_CIS100_NCS100_BRQ100_REPS1-2-3_050_R3D_D3D.dv	7	117.850	565.927	501.572
211210_BD294_yh2ax_CIS100_NCS100_BRQ100_REPS1-2-3_050_R3D_D3D.dv	10	114.488	565.681	659.617
211210_BD294_yh2ax_CIS100_NCS100_BRQ100_REPS1-2-3_050_R3D_D3D.dv	11	163.995	627.459	1332.943
211210_BD294_yh2ax_CIS100_NCS100_BRQ100_REPS1-2-3_050_R3D_D3D.dv	19	147.831	625.712	845.138
211210_BD294_yh2ax_CIS100_NCS100_BRQ100_REPS1-2-3_050_R3D_D3D.dv	0	80.869	422.942	282.919
211210_BD294_yh2ax_CIS100_NCS100_BRQ100_REPS1-2-3_050_R3D_D3D.dv	1	74.330	427.613	258.194
211210_BD294_yh2ax_CIS100_NCS100_BRQ100_REPS1-2-3_050_R3D_D3D.dv	8	99.521	543.580	874.941
211210_BD294_yh2ax_CIS100_NCS100_BRQ100_REPS1-2-3_050_R3D_D3D.dv	2	122.501	601.809	254.713
211210_BD294_yh2ax_CIS100_NCS100_BRQ100_REPS1-2-3_050_R3D_D3D.dv	1	133.877	494.648	344.998
211210_BD294_yh2ax_CIS100_NCS100_BRQ100_REPS1-2-3_050_R3D_D3D.dv	0	122.594	444.087	235.215
211210_BD294_yh2ax_CIS100_NCS100_BRQ100_REPS1-2-3_050_R3D_D3D.dv	4	77.231	402.608	490.892
211210_BD294_yh2ax_CIS100_NCS100_BRQ100_REPS1-2-3_050_R3D_D3D.dv	0	83.909	381.456	232.576
211210_BD294_yh2ax_CIS100_NCS100_BRQ100_REPS1-2-3_050_R3D_D3D.dv	7	130.100	668.696	482.379
211210_BD294_yh2ax_CIS100_NCS100_BRQ100_REPS1-2-3_050_R3D_D3D.dv	4	85.613	541.506	493.820
211210_BD294_yh2ax_CIS100_NCS100_BRQ100_REPS1-2-3_051_R3D_D3D.dv	14	133.094	549.112	506.508
211210_BD294_yh2ax_CIS100_NCS100_BRQ100_REPS1-2-3_051_R3D_D3D.dv	16	136.133	559.621	495.382
211210_BD294_yh2ax_CIS100_NCS100_BRQ100_REPS1-2-3_051_R3D_D3D.dv	0	73.777	476.061	229.735
211210_BD294_yh2ax_CIS100_NCS100_BRQ100_REPS1-2-3_051_R3D_D3D.dv	6	123.008	529.542	324.905
211210_BD294_yh2ax_CIS100_NCS100_BRQ100_REPS1-2-3_051_R3D_D3D.dv	21	170.903	451.277	538.811
211210_BD294_yh2ax_CIS100_NCS100_BRQ100_REPS1-2-3_051_R3D_D3D.dv	0	79.257	410.966	252.333
211210_BD294_yh2ax_CIS100_NCS100_BRQ100_REPS1-2-3_051_R3D_D3D.dv	1	121.396	605.533	363.274
211210_BD294_yh2ax_CIS100_NCS100_BRQ100_REPS1-2-3_051_R3D_D3D.dv	16	129.870	520.477	494.534
211210_BD294_yh2ax_CIS100_NCS100_BRQ100_REPS1-2-3_051_R3D_D3D.dv	8	138.620	652.986	354.148
211210_BD294_yh2ax_CIS100_NCS100_BRQ100_REPS1-2-3_051_R3D_D3D.dv	4	148.521	708.364	791.592
211210_BD294_yh2ax_CIS100_NCS100_BRQ100_REPS1-2-3_052_R3D_D3D.dv	9	133.462	538.205	499.490
211210_BD294_yh2ax_CIS100_NCS100_BRQ100_REPS1-2-3_052_R3D_D3D.dv	1	32.790	359.247	229.007
211210_BD294_yh2ax_CIS100_NCS100_BRQ100_REPS1-2-3_052_R3D_D3D.dv	34	158.423	495.470	790.540
211210_BD294_yh2ax_CIS100_NCS100_BRQ100_REPS1-2-3_052_R3D_D3D.dv	3	74.238	485.512	347.146
211210_BD294_yh2ax_CIS100_NCS100_BRQ100_REPS1-2-3_052_R3D_D3D.dv	8	78.336	453.981	1452.145
211210_BD294_yh2ax_CIS100_NCS100_BRQ100_REPS1-2-3_052_R3D_D3D.dv	0	139.357	465.296	259.813
211210_BD294_yh2ax_CIS100_NCS100_BRQ100_REPS1-2-3_052_R3D_D3D.dv	12	120.153	480.284	510.085
211210_BD294_yh2ax_CIS100_NCS100_BRQ100_REPS1-2-3_052_R3D_D3D.dv	4	161.370	663.416	426.761
211210_BD294_yh2ax_CIS100_NCS100_BRQ100_REPS1-2-3_052_R3D_D3D.dv	15	122.824	423.087	559.363
211210_BD294_yh2ax_CIS100_NCS100_BRQ100_REPS1-2-3_052_R3D_D3D.dv	2	63.185	411.746	402.534
211210_BD294_yh2ax_CIS100_NCS100_BRQ100_REPS1-2-3_053_R3D_D3D.dv	18	131.021	466.917	561.996
211210_BD294_yh2ax_CIS100_NCS100_BRQ100_REPS1-2-3_053_R3D_D3D.dv	12	141.475	663.936	531.894
211210_BD294_yh2ax_CIS100_NCS100_BRQ100_REPS1-2-3_053_R3D_D3D.dv	0	64.981	364.702	215.748
211210_BD294_yh2ax_CIS100_NCS100_BRQ100_REPS1-2-3_053_R3D_D3D.dv	12	121.811	749.806	499.596
211210_BD294_yh2ax_CIS100_NCS100_BRQ100_REPS1-2-3_053_R3D_D3D.dv	0	81.606	486.685	248.794
211210_BD294_yh2ax_CIS100_NCS100_BRQ100_REPS1-2-3_053_R3D_D3D.dv	1	80.639	419.201	251.439
211210_BD294_yh2ax_CIS100_NCS100_BRQ100_REPS1-2-3_053_R3D_D3D.dv	14	114.488	527.101	459.048
211210_BD294_yh2ax_CIS100_NCS100_BRQ100_REPS1-2-3_053_R3D_D3D.dv	7	120.153	542.745	416.389
211210_BD294_yh2ax_CIS100_NCS100_BRQ100_REPS1-2-3_053_R3D_D3D.dv	10	104.310	529.115	515.408
211210_BD294_yh2ax_CIS100_NCS100_BRQ100_REPS1-2-3_053_R3D_D3D.dv	22	143.594	511.050	508.784
211210_BD294_yh2ax_CIS100_NCS100_BRQ100_REPS1-2-3_053_R3D_D3D.dv	13	118.587	626.179	483.376
211210_BD294_yh2ax_CIS100_NCS100_BRQ100_REPS1-2-3_054_R3D_D3D.dv	14	158.377	477.190	381.377
211210_BD294_yh2ax_CIS100_NCS100_BRQ100_REPS1-2-3_054_R3D_D3D.dv	6	152.436	611.845	577.046
211210_BD294_yh2ax_CIS100_NCS100_BRQ100_REPS1-2-3_054_R3D_D3D.dv	7	90.034	332.685	474.479
211210_BD294_yh2ax_CIS100_NCS100_BRQ100_REPS1-2-3_054_R3D_D3D.dv	1	85.705	434.861	243.329
211210_BD294_yh2ax_CIS100_NCS100_BRQ100_REPS1-2-3_054_R3D_D3D.dv	16	180.022	450.218	476.299
211210_BD294_yh2ax_CIS100_NCS100_BRQ100_REPS1-2-3_054_R3D_D3D.dv	1	86.672	436.706	276.286
211210_BD294_yh2ax_CIS100_NCS100_BRQ100_REPS1-2-3_054_R3D_D3D.dv	1	107.396	389.454	432.913
211210_BD294_yh2ax_CIS100_NCS100_BRQ100_REPS1-2-3_054_R3D_D3D.dv	18	166.068	508.871	489.289
211210_BD294_yh2ax_CIS100_NCS100_BRQ100_REPS1-2-3_054_R3D_D3D.dv	1	92.889	553.788	361.564
211210_BD294_yh2ax_CIS100_NCS100_BRQ100_REPS1-2-3_054_R3D_D3D.dv	9	124.251	382.786	543.401
211210_BD294_yh2ax_CIS100_NCS100_BRQ100_REPS1-2-3_055_R3D_D3D.dv	9	103.021	454.687	470.400
211210_BD294_yh2ax_CIS100_NCS100_BRQ100_REPS1-2-3_055_R3D_D3D.dv	27	147.324	541.365	810.780
211210_BD294_yh2ax_CIS100_NCS100_BRQ100_REPS1-2-3_055_R3D_D3D.dv	6	124.297	657.734	434.233
211210_BD294_yh2ax_CIS100_NCS100_BRQ100_REPS1-2-3_055_R3D_D3D.dv	8	135.488	605.672	382.446
211210_BD294_yh2ax_CIS100_NCS100_BRQ100_REPS1-2-3_055_R3D_D3D.dv	18	131.666	401.823	522.089
211210_BD294_yh2ax_CIS100_NCS100_BRQ100_REPS1-2-3_055_R3D_D3D.dv	7	130.423	582.153	502.868
211210_BD294_yh2ax_CIS100_NCS100_BRQ100_REPS1-2-3_055_R3D_D3D.dv	5	129.824	443.773	369.654
211210_BD294_yh2ax_CIS100_NCS100_BRQ100_REPS1-2-3_055_R3D_D3D.dv	10	146.173	421.749	423.907
211210_BD294_yh2ax_CIS100_NCS100_BRQ100_REPS1-2-3_055_R3D_D3D.dv	9	75.942	359.512	515.420
211210_BD294_yh2ax_CIS100_NCS100_BRQ100_REPS1-2-3_056_R3D_D3D.dv	5	104.034	391.950	510.902
211210_BD294_yh2ax_CIS100_NCS100_BRQ100_REPS1-2-3_056_R3D_D3D.dv	9	180.713	622.032	845.510
211210_BD294_yh2ax_CIS100_NCS100_BRQ100_REPS1-2-3_056_R3D_D3D.dv	6	91.508	452.964	670.310
211210_BD294_yh2ax_CIS100_NCS100_BRQ100_REPS1-2-3_056_R3D_D3D.dv	9	146.633	681.327	504.840
211210_BD294_yh2ax_CIS100_NCS100_BRQ100_REPS1-2-3_056_R3D_D3D.dv	5	101.639	346.802	332.425
211210_BD294_yh2ax_CIS100_NCS100_BRQ100_REPS1-2-3_056_R3D_D3D.dv	24	193.746	447.268	448.737
211210_BD294_yh2ax_CIS100_NCS100_BRQ100_REPS1-2-3_056_R3D_D3D.dv	3	82.711	603.944	339.261
211210_BD294_yh2ax_CIS100_NCS100_BRQ100_REPS1-2-3_056_R3D_D3D.dv	18	162.291	502.587	507.578
211210_BD294_yh2ax_CIS100_NCS100_BRQ100_REPS1-2-3_056_R3D_D3D.dv	5	87.087	487.327	310.157
211210_BD294_yh2ax_CIS100_NCS100_BRQ100_REPS1-2-3_057_R3D_D3D.dv	14	114.074	479.800	527.191
211210_BD294_yh2ax_CIS100_NCS100_BRQ100_REPS1-2-3_057_R3D_D3D.dv	12	174.081	518.496	406.322
211210_BD294_yh2ax_CIS100_NCS100_BRQ100_REPS1-2-3_057_R3D_D3D.dv	22	106.429	632.425	1364.646
211210_BD294_yh2ax_CIS100_NCS100_BRQ100_REPS1-2-3_057_R3D_D3D.dv	3	128.765	431.403	550.264
211210_BD294_yh2ax_CIS100_NCS100_BRQ100_REPS1-2-3_057_R3D_D3D.dv	9	144.515	715.953	525.644
211210_BD294_yh2ax_CIS100_NCS100_BRQ100_REPS1-2-3_057_R3D_D3D.dv	7	129.133	690.961	469.522
211210_BD294_yh2ax_CIS100_NCS100_BRQ100_REPS1-2-3_057_R3D_D3D.dv	23	189.463	466.634	470.003
211210_BD294_yh2ax_CIS100_NCS100_BRQ100_REPS1-2-3_057_R3D_D3D.dv	3	132.403	682.744	307.278
211210_BD294_yh2ax_CIS100_NCS100_BRQ100_REPS1-2-3_057_R3D_D3D.dv	17	124.574	616.552	605.631
211210_BD294_yh2ax_CIS100_NCS100_BRQ100_REPS1-2-3_058_R3D_D3D.dv	4	85.152	665.753	750.393
211210_BD294_yh2ax_CIS100_NCS100_BRQ100_REPS1-2-3_058_R3D_D3D.dv	27	168.969	567.054	504.349
211210_BD294_yh2ax_CIS100_NCS100_BRQ100_REPS1-2-3_058_R3D_D3D.dv	12	95.376	650.908	974.863
211210_BD294_yh2ax_CIS100_NCS100_BRQ100_REPS1-2-3_058_R3D_D3D.dv	24	165.699	768.030	758.324
211210_BD294_yh2ax_CIS100_NCS100_BRQ100_REPS1-2-3_058_R3D_D3D.dv	18	154.969	675.473	552.670
211210_BD294_yh2ax_CIS100_NCS100_BRQ100_REPS1-2-3_058_R3D_D3D.dv	8	143.732	579.585	343.878
211210_BD294_yh2ax_CIS100_NCS100_BRQ100_REPS1-2-3_058_R3D_D3D.dv	13	155.706	674.164	419.817
211210_BD294_yh2ax_CIS100_NCS100_BRQ100_REPS1-2-3_058_R3D_D3D.dv	14	131.988	439.463	461.126
211210_BD294_yh2ax_CIS100_NCS100_BRQ100_REPS1-2-3_059_R3D_D3D.dv	31	136.686	624.115	671.848
211210_BD294_yh2ax_CIS100_NCS100_BRQ100_REPS1-2-3_059_R3D_D3D.dv	3	184.627	640.013	556.827
211210_BD294_yh2ax_CIS100_NCS100_BRQ100_REPS1-2-3_059_R3D_D3D.dv	2	90.080	578.647	526.644
211210_BD294_yh2ax_CIS100_NCS100_BRQ100_REPS1-2-3_059_R3D_D3D.dv	5	132.311	777.746	503.366
211210_BD294_yh2ax_CIS100_NCS100_BRQ100_REPS1-2-3_059_R3D_D3D.dv	36	157.502	531.402	592.045
211210_BD294_yh2ax_CIS100_NCS100_BRQ100_REPS1-2-3_059_R3D_D3D.dv	1	82.665	452.997	249.716
211210_BD294_yh2ax_CIS100_NCS100_BRQ100_REPS1-2-3_059_R3D_D3D.dv	25	202.219	562.321	457.555
211210_BD294_yh2ax_CIS100_NCS100_BRQ100_REPS1-2-3_059_R3D_D3D.dv	22	125.771	579.482	570.539
211210_BD294_yh2ax_CIS100_NCS100_BRQ100_REPS1-2-3_059_R3D_D3D.dv	19	165.101	587.940	621.338
211210_BD294_yh2ax_CIS100_NCS100_BRQ100_REPS1-2-3_059_R3D_D3D.dv	13	141.245	765.806	528.366
211210_BD294_yh2ax_CIS100_NCS100_BRQ100_REPS1-2-3_059_R3D_D3D.dv	9	127.245	702.122	449.974
211210_BD294_yh2ax_CIS100_NCS100_BRQ100_REPS1-2-3_060_R3D_D3D.dv	5	78.613	676.982	561.737
211210_BD294_yh2ax_CIS100_NCS100_BRQ100_REPS1-2-3_060_R3D_D3D.dv	33	173.989	621.492	507.589
211210_BD294_yh2ax_CIS100_NCS100_BRQ100_REPS1-2-3_060_R3D_D3D.dv	11	191.213	731.210	1179.831
211210_BD294_yh2ax_CIS100_NCS100_BRQ100_REPS1-2-3_060_R3D_D3D.dv	12	129.087	514.945	575.615
211210_BD294_yh2ax_CIS100_NCS100_BRQ100_REPS1-2-3_060_R3D_D3D.dv	13	146.449	673.623	555.518
211210_BD294_yh2ax_CIS100_NCS100_BRQ100_REPS1-2-3_060_R3D_D3D.dv	1	81.284	532.052	315.766
211210_BD294_yh2ax_CIS100_NCS100_BRQ100_REPS1-2-3_060_R3D_D3D.dv	8	97.264	549.557	905.983
211210_BD294_yh2ax_CIS100_NCS100_BRQ100_REPS1-2-3_060_R3D_D3D.dv	19	145.850	774.326	555.616
211210_BD294_yh2ax_CIS100_NCS100_BRQ100_REPS1-2-3_060_R3D_D3D.dv	9	140.140	671.753	371.962
