filename	num_maxima	area	dapi	yh2ax
211210_BD294_yh2ax_ncs2_brq2_dmso2_rep1_02_R3D_D3D.dv	0	94.041	374.087	208.352
211210_BD294_yh2ax_ncs2_brq2_dmso2_rep1_02_R3D_D3D.dv	0	92.475	296.157	171.368
211210_BD294_yh2ax_ncs2_brq2_dmso2_rep1_02_R3D_D3D.dv	1	95.652	315.153	322.697
211210_BD294_yh2ax_ncs2_brq2_dmso2_rep1_02_R3D_D3D.dv	1	94.501	357.056	194.214
211210_BD294_yh2ax_ncs2_brq2_dmso2_rep1_02_R3D_D3D.dv	0	102.837	361.222	194.900
211210_BD294_yh2ax_ncs2_brq2_dmso2_rep1_02_R3D_D3D.dv	0	82.481	262.688	173.044
211210_BD294_yh2ax_ncs2_brq2_dmso2_rep1_31_R3D_D3D.dv	0	95.330	334.545	176.408
211210_BD294_yh2ax_ncs2_brq2_dmso2_rep1_31_R3D_D3D.dv	0	134.245	218.909	195.309
211210_BD294_yh2ax_ncs2_brq2_dmso2_rep1_31_R3D_D3D.dv	0	129.916	213.650	161.169
211210_BD294_yh2ax_ncs2_brq2_dmso2_rep1_31_R3D_D3D.dv	0	118.909	263.439	184.088
211210_BD294_yh2ax_ncs2_brq2_dmso2_rep1_31_R3D_D3D.dv	1	126.232	221.360	160.108
211210_BD294_yh2ax_ncs2_brq2_dmso2_rep1_31_R3D_D3D.dv	1	208.206	317.467	208.117
211210_BD294_yh2ax_ncs2_brq2_dmso2_rep1_31_R3D_D3D.dv	0	143.502	239.293	187.307
211210_BD294_yh2ax_ncs2_brq2_dmso2_rep1_31_R3D_D3D.dv	0	120.890	294.192	198.560
211210_BD294_yh2ax_ncs2_brq2_dmso2_rep1_31_R3D_D3D.dv	0	133.830	220.711	167.767
211210_BD294_yh2ax_ncs2_brq2_dmso2_rep1_31_R3D_D3D.dv	0	148.706	202.613	175.738
211210_BD294_yh2ax_ncs2_brq2_dmso2_rep1_32_R3D_D3D.dv	0	109.975	270.742	170.984
211210_BD294_yh2ax_ncs2_brq2_dmso2_rep1_32_R3D_D3D.dv	0	125.357	213.150	169.753
211210_BD294_yh2ax_ncs2_brq2_dmso2_rep1_32_R3D_D3D.dv	1	159.943	404.999	215.538
211210_BD294_yh2ax_ncs2_brq2_dmso2_rep1_32_R3D_D3D.dv	0	144.837	237.151	205.118
211210_BD294_yh2ax_ncs2_brq2_dmso2_rep1_33_R3D_D3D.dv	0	82.988	332.786	166.862
211210_BD294_yh2ax_ncs2_brq2_dmso2_rep1_33_R3D_D3D.dv	0	40.665	209.559	155.504
211210_BD294_yh2ax_ncs2_brq2_dmso2_rep1_33_R3D_D3D.dv	1	158.976	225.611	199.855
211210_BD294_yh2ax_ncs2_brq2_dmso2_rep1_33_R3D_D3D.dv	0	148.337	195.611	181.235
211210_BD294_yh2ax_ncs2_brq2_dmso2_rep1_33_R3D_D3D.dv	0	99.981	313.360	186.924
211210_BD294_yh2ax_ncs2_brq2_dmso2_rep1_33_R3D_D3D.dv	0	113.705	236.064	164.101
211210_BD294_yh2ax_ncs2_brq2_dmso2_rep1_33_R3D_D3D.dv	0	130.837	237.979	171.719
211210_BD294_yh2ax_ncs2_brq2_dmso2_rep1_33_R3D_D3D.dv	1	100.995	272.140	196.856
211210_BD294_yh2ax_ncs2_brq2_dmso2_rep1_34_R3D_D3D.dv	0	222.713	319.013	173.487
211210_BD294_yh2ax_ncs2_brq2_dmso2_rep1_34_R3D_D3D.dv	0	60.836	273.456	153.105
211210_BD294_yh2ax_ncs2_brq2_dmso2_rep1_34_R3D_D3D.dv	0	60.606	318.267	210.944
211210_BD294_yh2ax_ncs2_brq2_dmso2_rep1_34_R3D_D3D.dv	0	82.159	350.315	167.036
211210_BD294_yh2ax_ncs2_brq2_dmso2_rep1_34_R3D_D3D.dv	0	95.192	271.559	186.099
211210_BD294_yh2ax_ncs2_brq2_dmso2_rep1_34_R3D_D3D.dv	5	97.356	324.409	238.371
211210_BD294_yh2ax_ncs2_brq2_dmso2_rep1_34_R3D_D3D.dv	1	107.626	365.026	215.445
211210_BD294_yh2ax_ncs2_brq2_dmso2_rep1_34_R3D_D3D.dv	1	95.330	366.030	185.998
211210_BD294_yh2ax_ncs2_brq2_dmso2_rep1_34_R3D_D3D.dv	1	88.468	326.596	211.363
211210_BD294_yh2ax_ncs2_brq2_dmso2_rep1_34_R3D_D3D.dv	0	384.866	302.128	151.047
211210_BD294_yh2ax_ncs2_brq2_dmso2_rep1_34_R3D_D3D.dv	1	91.922	340.460	182.326
211210_BD294_yh2ax_ncs2_brq2_dmso2_rep1_35_R3D_D3D.dv	1	106.567	559.644	209.139
211210_BD294_yh2ax_ncs2_brq2_dmso2_rep1_35_R3D_D3D.dv	4	148.429	574.866	269.004
211210_BD294_yh2ax_ncs2_brq2_dmso2_rep1_35_R3D_D3D.dv	1	88.330	366.002	191.951
211210_BD294_yh2ax_ncs2_brq2_dmso2_rep1_35_R3D_D3D.dv	0	84.784	362.909	186.139
211210_BD294_yh2ax_ncs2_brq2_dmso2_rep1_35_R3D_D3D.dv	1	83.540	342.717	282.085
211210_BD294_yh2ax_ncs2_brq2_dmso2_rep1_35_R3D_D3D.dv	0	86.534	353.242	182.558
211210_BD294_yh2ax_ncs2_brq2_dmso2_rep1_35_R3D_D3D.dv	1	86.027	289.225	196.048
211210_BD294_yh2ax_ncs2_brq2_dmso2_rep1_35_R3D_D3D.dv	0	85.014	367.885	176.919
211210_BD294_yh2ax_ncs2_brq2_dmso2_rep1_35_R3D_D3D.dv	1	124.712	271.367	346.602
211210_BD294_yh2ax_ncs2_brq2_dmso2_rep1_35_R3D_D3D.dv	1	112.047	331.418	261.189
211210_BD294_yh2ax_ncs2_brq2_dmso2_rep1_35_R3D_D3D.dv	0	66.593	374.825	210.047
211210_BD294_yh2ax_ncs2_brq2_dmso2_rep1_36_R3D_D3D.dv	1	79.304	407.380	283.344
211210_BD294_yh2ax_ncs2_brq2_dmso2_rep1_36_R3D_D3D.dv	0	89.850	313.302	227.098
211210_BD294_yh2ax_ncs2_brq2_dmso2_rep1_36_R3D_D3D.dv	0	26.573	289.979	238.936
211210_BD294_yh2ax_ncs2_brq2_dmso2_rep1_36_R3D_D3D.dv	0	83.863	366.658	201.020
211210_BD294_yh2ax_ncs2_brq2_dmso2_rep1_36_R3D_D3D.dv	0	52.270	238.940	254.100
211210_BD294_yh2ax_ncs2_brq2_dmso2_rep1_36_R3D_D3D.dv	0	98.508	284.383	187.574
211210_BD294_yh2ax_ncs2_brq2_dmso2_rep1_36_R3D_D3D.dv	0	62.448	243.579	314.730
211210_BD294_yh2ax_ncs2_brq2_dmso2_rep1_36_R3D_D3D.dv	1	86.856	330.393	184.506
211210_BD294_yh2ax_ncs2_brq2_dmso2_rep1_36_R3D_D3D.dv	1	191.167	394.809	317.761
211210_BD294_yh2ax_ncs2_brq2_dmso2_rep1_36_R3D_D3D.dv	1	71.244	453.982	229.535
211210_BD294_yh2ax_ncs2_brq2_dmso2_rep1_36_R3D_D3D.dv	0	79.488	402.144	186.597
211210_BD294_yh2ax_ncs2_brq2_dmso2_rep1_37_R3D_D3D.dv	3	93.258	321.984	213.157
211210_BD294_yh2ax_ncs2_brq2_dmso2_rep1_37_R3D_D3D.dv	0	86.119	322.073	190.552
211210_BD294_yh2ax_ncs2_brq2_dmso2_rep1_37_R3D_D3D.dv	1	136.502	554.094	205.995
211210_BD294_yh2ax_ncs2_brq2_dmso2_rep1_37_R3D_D3D.dv	0	135.166	708.531	217.388
211210_BD294_yh2ax_ncs2_brq2_dmso2_rep1_37_R3D_D3D.dv	0	78.382	378.176	196.644
211210_BD294_yh2ax_ncs2_brq2_dmso2_rep1_37_R3D_D3D.dv	0	45.132	518.808	197.454
211210_BD294_yh2ax_ncs2_brq2_dmso2_rep1_38_R3D_D3D.dv	0	98.784	366.329	187.789
211210_BD294_yh2ax_ncs2_brq2_dmso2_rep1_38_R3D_D3D.dv	0	105.416	402.736	202.772
211210_BD294_yh2ax_ncs2_brq2_dmso2_rep1_38_R3D_D3D.dv	1	160.910	535.742	197.698
211210_BD294_yh2ax_ncs2_brq2_dmso2_rep1_38_R3D_D3D.dv	1	117.758	385.523	218.537
211210_BD294_yh2ax_ncs2_brq2_dmso2_rep1_38_R3D_D3D.dv	0	87.777	397.792	194.680
211210_BD294_yh2ax_ncs2_brq2_dmso2_rep1_38_R3D_D3D.dv	0	101.133	343.239	178.006
211210_BD294_yh2ax_ncs2_brq2_dmso2_rep1_38_R3D_D3D.dv	1	97.448	352.149	191.221
211210_BD294_yh2ax_ncs2_brq2_dmso2_rep1_38_R3D_D3D.dv	0	87.962	398.148	222.252
211210_BD294_yh2ax_ncs2_brq2_dmso2_rep1_38_R3D_D3D.dv	1	183.384	448.955	251.461
211210_BD294_yh2ax_ncs2_brq2_dmso2_rep1_38_R3D_D3D.dv	1	89.343	368.725	203.244
211210_BD294_yh2ax_ncs2_brq2_dmso2_rep1_38_R3D_D3D.dv	2	90.587	414.103	236.132
211210_BD294_yh2ax_ncs2_brq2_dmso2_rep1_38_R3D_D3D.dv	3	26.112	301.711	3124.081
211210_BD294_yh2ax_ncs2_brq2_dmso2_rep1_39_R3D_D3D.dv	0	136.087	273.284	181.324
211210_BD294_yh2ax_ncs2_brq2_dmso2_rep1_39_R3D_D3D.dv	1	171.364	269.535	356.132
211210_BD294_yh2ax_ncs2_brq2_dmso2_rep1_39_R3D_D3D.dv	0	116.376	327.197	175.535
211210_BD294_yh2ax_ncs2_brq2_dmso2_rep1_39_R3D_D3D.dv	0	168.048	230.710	177.562
211210_BD294_yh2ax_ncs2_brq2_dmso2_rep1_40_R3D_D3D.dv	0	132.357	419.367	222.972
211210_BD294_yh2ax_ncs2_brq2_dmso2_rep1_40_R3D_D3D.dv	0	123.883	363.886	271.321
211210_BD294_yh2ax_ncs2_brq2_dmso2_rep1_40_R3D_D3D.dv	0	92.429	440.618	208.909
211210_BD294_yh2ax_ncs2_brq2_dmso2_rep1_40_R3D_D3D.dv	2	120.613	345.690	252.061
211210_BD294_yh2ax_ncs2_brq2_dmso2_rep1_40_R3D_D3D.dv	0	90.080	433.964	194.423
211210_BD294_yh2ax_ncs2_brq2_dmso2_rep1_40_R3D_D3D.dv	0	47.297	548.919	186.049
211210_BD294_yh2ax_ncs2_brq2_dmso2_rep1_41_R3D_D3D.dv	0	112.462	364.945	288.232
211210_BD294_yh2ax_ncs2_brq2_dmso2_rep1_41_R3D_D3D.dv	0	89.804	540.425	208.914
211210_BD294_yh2ax_ncs2_brq2_dmso2_rep1_41_R3D_D3D.dv	1	83.679	456.353	215.756
211210_BD294_yh2ax_ncs2_brq2_dmso2_rep1_42_R3D_D3D.dv	0	131.666	391.594	198.157
211210_BD294_yh2ax_ncs2_brq2_dmso2_rep1_42_R3D_D3D.dv	0	128.442	318.544	194.206
211210_BD294_yh2ax_ncs2_brq2_dmso2_rep1_42_R3D_D3D.dv	0	133.462	280.096	173.641
211210_BD294_yh2ax_ncs2_brq2_dmso2_rep1_42_R3D_D3D.dv	1	137.423	295.572	183.427
211210_BD294_yh2ax_ncs2_brq2_dmso2_rep1_42_R3D_D3D.dv	0	172.930	213.562	176.066
211210_BD294_yh2ax_ncs2_brq2_dmso2_rep1_43_R3D_D3D.dv	0	95.008	444.951	193.254
211210_BD294_yh2ax_ncs2_brq2_dmso2_rep1_43_R3D_D3D.dv	0	52.915	327.415	187.672
211210_BD294_yh2ax_ncs2_brq2_dmso2_rep1_43_R3D_D3D.dv	0	39.698	257.266	157.901
211210_BD294_yh2ax_ncs2_brq2_dmso2_rep1_43_R3D_D3D.dv	1	184.765	306.624	198.210
211210_BD294_yh2ax_ncs2_brq2_dmso2_rep1_43_R3D_D3D.dv	2	182.232	436.908	231.623
211210_BD294_yh2ax_ncs2_brq2_dmso2_rep1_44_R3D_D3D.dv	1	90.080	344.312	199.212
211210_BD294_yh2ax_ncs2_brq2_dmso2_rep1_44_R3D_D3D.dv	0	103.528	326.364	183.972
211210_BD294_yh2ax_ncs2_brq2_dmso2_rep1_44_R3D_D3D.dv	1	90.679	469.906	222.486
211210_BD294_yh2ax_ncs2_brq2_dmso2_rep1_44_R3D_D3D.dv	1	102.652	389.919	212.411
211210_BD294_yh2ax_ncs2_brq2_dmso2_rep1_44_R3D_D3D.dv	1	108.639	331.599	192.611
211210_BD294_yh2ax_ncs2_brq2_dmso2_rep1_44_R3D_D3D.dv	0	110.159	312.124	178.581
211210_BD294_yh2ax_ncs2_brq2_dmso2_rep1_44_R3D_D3D.dv	1	127.844	527.128	224.818
211210_BD294_yh2ax_ncs2_brq2_dmso2_rep1_44_R3D_D3D.dv	1	90.448	440.427	217.666
211210_BD294_yh2ax_ncs2_brq2_dmso2_rep1_45_R3D_D3D.dv	2	127.015	429.844	216.188
211210_BD294_yh2ax_ncs2_brq2_dmso2_rep1_45_R3D_D3D.dv	0	114.903	493.145	181.855
211210_BD294_yh2ax_ncs2_brq2_dmso2_rep1_45_R3D_D3D.dv	0	51.119	389.012	199.357
211210_BD294_yh2ax_ncs2_brq2_dmso2_rep1_45_R3D_D3D.dv	1	108.593	424.293	236.100
211210_BD294_yh2ax_ncs2_brq2_dmso2_rep1_45_R3D_D3D.dv	0	104.264	395.437	175.442
211210_BD294_yh2ax_ncs2_brq2_dmso2_rep1_46_R3D_D3D.dv	5	156.120	448.571	250.735
211210_BD294_yh2ax_ncs2_brq2_dmso2_rep1_46_R3D_D3D.dv	2	129.363	264.757	178.735
211210_BD294_yh2ax_ncs2_brq2_dmso2_rep1_46_R3D_D3D.dv	1	120.153	374.306	305.222
211210_BD294_yh2ax_ncs2_brq2_dmso2_rep1_46_R3D_D3D.dv	0	198.305	378.511	188.496
211210_BD294_yh2ax_ncs2_brq2_dmso2_rep1_46_R3D_D3D.dv	0	54.481	230.896	165.229
211210_BD294_yh2ax_ncs2_brq2_dmso2_rep1_46_R3D_D3D.dv	0	136.548	297.264	172.116
211210_BD294_yh2ax_ncs2_brq2_dmso2_rep1_46_R3D_D3D.dv	0	126.324	256.724	173.646
211210_BD294_yh2ax_ncs2_brq2_dmso2_rep1_46_R3D_D3D.dv	0	95.883	254.623	149.466
211210_BD294_yh2ax_ncs2_brq2_dmso2_rep1_47_R3D_D3D.dv	0	133.923	369.233	166.456
211210_BD294_yh2ax_ncs2_brq2_dmso2_rep1_47_R3D_D3D.dv	0	105.600	437.942	189.683
211210_BD294_yh2ax_ncs2_brq2_dmso2_rep1_47_R3D_D3D.dv	0	75.435	239.969	157.540
211210_BD294_yh2ax_ncs2_brq2_dmso2_rep1_47_R3D_D3D.dv	1	107.995	369.022	180.751
211210_BD294_yh2ax_ncs2_brq2_dmso2_rep1_47_R3D_D3D.dv	0	52.869	306.561	167.223
211210_BD294_yh2ax_ncs2_brq2_dmso2_rep1_47_R3D_D3D.dv	1	106.843	475.868	201.879
211210_BD294_yh2ax_ncs2_brq2_dmso2_rep1_47_R3D_D3D.dv	0	102.791	359.453	149.566
211210_BD294_yh2ax_ncs2_brq2_dmso2_rep1_47_R3D_D3D.dv	0	131.712	367.820	158.423
211210_BD294_yh2ax_ncs2_brq2_dmso2_rep1_47_R3D_D3D.dv	2	142.949	393.383	218.363
211210_BD294_yh2ax_ncs2_brq2_dmso2_rep1_48_R3D_D3D.dv	1	123.745	369.016	186.757
211210_BD294_yh2ax_ncs2_brq2_dmso2_rep1_48_R3D_D3D.dv	0	85.659	215.608	154.423
211210_BD294_yh2ax_ncs2_brq2_dmso2_rep1_48_R3D_D3D.dv	0	93.396	387.117	190.339
211210_BD294_yh2ax_ncs2_brq2_dmso2_rep1_48_R3D_D3D.dv	0	92.889	399.168	195.600
211210_BD294_yh2ax_ncs2_brq2_dmso2_rep1_48_R3D_D3D.dv	4	99.751	339.799	234.969
211210_BD294_yh2ax_ncs2_brq2_dmso2_rep1_48_R3D_D3D.dv	0	98.231	294.566	168.701
211210_BD294_yh2ax_ncs2_brq2_dmso2_rep1_48_R3D_D3D.dv	0	89.665	377.900	217.237
211210_BD294_yh2ax_ncs2_brq2_dmso2_rep1_48_R3D_D3D.dv	9	107.764	310.701	904.284
211210_BD294_yh2ax_ncs2_brq2_dmso2_rep1_48_R3D_D3D.dv	0	111.771	248.518	168.604
211210_BD294_yh2ax_ncs2_brq2_dmso2_rep1_48_R3D_D3D.dv	0	92.060	370.708	214.464
211210_BD294_yh2ax_ncs2_brq2_dmso2_rep1_49_R3D_D3D.dv	0	125.034	168.496	176.029
211210_BD294_yh2ax_ncs2_brq2_dmso2_rep1_50_R3D_D3D.dv	0	109.514	274.593	157.922
211210_BD294_yh2ax_ncs2_brq2_dmso2_rep1_50_R3D_D3D.dv	2	113.107	272.036	183.491
211210_BD294_yh2ax_ncs2_brq2_dmso2_rep1_50_R3D_D3D.dv	0	29.842	130.517	160.534
211210_BD294_yh2ax_ncs2_brq2_dmso2_rep1_50_R3D_D3D.dv	1	143.778	182.570	158.277
211210_BD294_yh2ax_ncs2_brq2_dmso2_rep1_50_R3D_D3D.dv	2	168.831	296.375	239.256
211210_BD294_yh2ax_ncs2_brq2_dmso2_rep1_51_R3D_D3D.dv	0	81.744	322.531	180.527
211210_BD294_yh2ax_ncs2_brq2_dmso2_rep1_51_R3D_D3D.dv	0	45.593	311.608	194.197
211210_BD294_yh2ax_ncs2_brq2_dmso2_rep1_51_R3D_D3D.dv	0	106.245	268.206	176.061
211210_BD294_yh2ax_ncs2_brq2_dmso2_rep1_51_R3D_D3D.dv	0	107.764	232.610	183.816
211210_BD294_yh2ax_ncs2_brq2_dmso2_rep1_51_R3D_D3D.dv	0	107.396	217.878	178.222
211210_BD294_yh2ax_ncs2_brq2_dmso2_rep1_52_R3D_D3D.dv	1	107.580	279.727	186.775
211210_BD294_yh2ax_ncs2_brq2_dmso2_rep1_52_R3D_D3D.dv	1	158.469	207.874	171.485
211210_BD294_yh2ax_ncs2_brq2_dmso2_rep1_52_R3D_D3D.dv	0	49.139	258.381	185.052
211210_BD294_yh2ax_ncs2_brq2_dmso2_rep1_52_R3D_D3D.dv	1	175.463	242.794	171.836
211210_BD294_yh2ax_ncs2_brq2_dmso2_rep1_52_R3D_D3D.dv	0	105.370	249.872	162.460
211210_BD294_yh2ax_ncs2_brq2_dmso2_rep1_52_R3D_D3D.dv	0	123.284	234.470	175.359
211210_BD294_yh2ax_ncs2_brq2_dmso2_rep1_52_R3D_D3D.dv	1	96.988	293.601	177.727
211210_BD294_yh2ax_ncs2_brq2_dmso2_rep1_52_R3D_D3D.dv	0	129.824	182.518	169.681
211210_BD294_yh2ax_ncs2_brq2_dmso2_rep1_52_R3D_D3D.dv	0	51.533	260.101	150.811
211210_BD294_yh2ax_ncs2_brq2_dmso2_rep1_52_R3D_D3D.dv	2	150.640	336.023	202.711
211210_BD294_yh2ax_ncs2_brq2_dmso2_rep1_53_R3D_D3D.dv	0	131.666	372.725	177.333
211210_BD294_yh2ax_ncs2_brq2_dmso2_rep1_53_R3D_D3D.dv	0	127.798	289.115	161.054
211210_BD294_yh2ax_ncs2_brq2_dmso2_rep1_53_R3D_D3D.dv	1	114.212	367.854	186.871
211210_BD294_yh2ax_ncs2_brq2_dmso2_rep1_53_R3D_D3D.dv	1	94.547	422.639	199.631
211210_BD294_yh2ax_ncs2_brq2_dmso2_rep1_54_R3D_D3D.dv	1	95.100	239.188	188.380
211210_BD294_yh2ax_ncs2_brq2_dmso2_rep1_54_R3D_D3D.dv	1	114.166	332.225	215.614
211210_BD294_yh2ax_ncs2_brq2_dmso2_rep1_54_R3D_D3D.dv	0	103.896	309.318	183.725
211210_BD294_yh2ax_ncs2_brq2_dmso2_rep1_54_R3D_D3D.dv	1	86.442	357.624	224.160
211210_BD294_yh2ax_ncs2_brq2_dmso2_rep1_54_R3D_D3D.dv	1	248.687	260.680	177.774
211210_BD294_yh2ax_ncs2_brq2_dmso2_rep1_54_R3D_D3D.dv	1	116.653	268.857	236.640
211210_BD294_yh2ax_ncs2_brq2_dmso2_rep1_55_R3D_D3D.dv	0	65.027	392.711	154.297
211210_BD294_yh2ax_ncs2_brq2_dmso2_rep1_55_R3D_D3D.dv	0	104.679	392.722	180.447
211210_BD294_yh2ax_ncs2_brq2_dmso2_rep1_55_R3D_D3D.dv	2	96.620	490.865	244.240
211210_BD294_yh2ax_ncs2_brq2_dmso2_rep1_55_R3D_D3D.dv	2	116.837	527.101	230.743
211210_BD294_yh2ax_ncs2_brq2_dmso2_rep1_55_R3D_D3D.dv	1	107.258	521.217	252.997
211210_BD294_yh2ax_ncs2_brq2_dmso2_rep1_55_R3D_D3D.dv	1	88.422	455.746	198.132
211210_BD294_yh2ax_ncs2_brq2_dmso2_rep1_55_R3D_D3D.dv	0	102.652	348.171	150.821
211210_BD294_yh2ax_ncs2_brq2_dmso2_rep1_55_R3D_D3D.dv	8	97.725	402.069	1710.271
211210_BD294_yh2ax_ncs2_brq2_dmso2_rep1_56_R3D_D3D.dv	0	53.422	329.435	170.710
211210_BD294_yh2ax_ncs2_brq2_dmso2_rep1_56_R3D_D3D.dv	0	34.586	324.997	153.911
211210_BD294_yh2ax_ncs2_brq2_dmso2_rep1_56_R3D_D3D.dv	1	95.330	473.595	192.505
211210_BD294_yh2ax_ncs2_brq2_dmso2_rep1_56_R3D_D3D.dv	1	109.054	370.531	218.240
211210_BD294_yh2ax_ncs2_brq2_dmso2_rep1_56_R3D_D3D.dv	1	95.745	438.087	187.726
211210_BD294_yh2ax_ncs2_brq2_dmso2_rep1_56_R3D_D3D.dv	0	122.686	464.289	199.430
211210_BD294_yh2ax_ncs2_brq2_dmso2_rep1_56_R3D_D3D.dv	0	58.718	308.027	163.840
211210_BD294_yh2ax_ncs2_brq2_dmso2_rep1_57_R3D_D3D.dv	5	110.758	335.460	212.933
211210_BD294_yh2ax_ncs2_brq2_dmso2_rep1_57_R3D_D3D.dv	2	99.475	464.354	231.759
211210_BD294_yh2ax_ncs2_brq2_dmso2_rep1_57_R3D_D3D.dv	0	78.475	325.023	232.078
211210_BD294_yh2ax_ncs2_brq2_dmso2_rep1_57_R3D_D3D.dv	3	111.541	407.546	275.991
211210_BD294_yh2ax_ncs2_brq2_dmso2_rep1_57_R3D_D3D.dv	0	101.455	424.475	203.471
211210_BD294_yh2ax_ncs2_brq2_dmso2_rep1_57_R3D_D3D.dv	0	97.126	370.441	209.626
211210_BD294_yh2ax_ncs2_brq2_dmso2_rep1_58_R3D_D3D.dv	0	23.809	277.431	249.772
211210_BD294_yh2ax_ncs2_brq2_dmso2_rep1_58_R3D_D3D.dv	0	109.284	352.389	196.582
211210_BD294_yh2ax_ncs2_brq2_dmso2_rep1_58_R3D_D3D.dv	1	88.744	485.085	275.250
211210_BD294_yh2ax_ncs2_brq2_dmso2_rep1_58_R3D_D3D.dv	0	25.375	332.053	175.232
211210_BD294_yh2ax_ncs2_brq2_dmso2_rep1_58_R3D_D3D.dv	1	89.804	607.510	204.093
211210_BD294_yh2ax_ncs2_brq2_dmso2_rep1_58_R3D_D3D.dv	0	64.659	343.969	184.642
211210_BD294_yh2ax_ncs2_brq2_dmso2_rep1_59_R3D_D3D.dv	1	88.975	405.060	282.254
211210_BD294_yh2ax_ncs2_brq2_dmso2_rep1_59_R3D_D3D.dv	0	75.343	395.415	226.585
211210_BD294_yh2ax_ncs2_brq2_dmso2_rep1_59_R3D_D3D.dv	1	93.350	347.907	245.504
211210_BD294_yh2ax_ncs2_brq2_dmso2_rep1_59_R3D_D3D.dv	1	87.547	325.317	224.357
211210_BD294_yh2ax_ncs2_brq2_dmso2_rep1_59_R3D_D3D.dv	0	209.358	314.295	166.539
211210_BD294_yh2ax_ncs2_brq2_dmso2_rep1_59_R3D_D3D.dv	0	71.981	236.642	189.799
211210_BD294_yh2ax_ncs2_brq2_dmso2_rep1_59_R3D_D3D.dv	0	94.133	406.005	183.349
211210_BD294_yh2ax_ncs2_brq2_dmso2_rep1_59_R3D_D3D.dv	0	83.909	423.624	198.003
211210_BD294_yh2ax_ncs2_brq2_dmso2_rep1_59_R3D_D3D.dv	1	76.771	377.213	190.887
