filename	num_maxima	area	dapi	yh2ax
211210_BD294_yh2ax_dmso100_REPS1-2-3_23_R3D_D3D.dv	0	89.251	197.037	167.966
211210_BD294_yh2ax_dmso100_REPS1-2-3_23_R3D_D3D.dv	0	117.482	322.298	172.339
211210_BD294_yh2ax_dmso100_REPS1-2-3_23_R3D_D3D.dv	0	99.613	264.762	173.506
211210_BD294_yh2ax_dmso100_REPS1-2-3_23_R3D_D3D.dv	0	68.849	263.508	166.253
211210_BD294_yh2ax_dmso100_REPS1-2-3_23_R3D_D3D.dv	0	162.153	240.241	174.970
211210_BD294_yh2ax_dmso100_REPS1-2-3_23_R3D_D3D.dv	0	74.238	213.947	156.244
211210_BD294_yh2ax_dmso100_REPS1-2-3_23_R3D_D3D.dv	0	80.455	216.299	168.303
211210_BD294_yh2ax_dmso100_REPS1-2-3_23_R3D_D3D.dv	0	103.481	225.531	170.899
211210_BD294_yh2ax_dmso100_REPS1-2-3_23_R3D_D3D.dv	0	91.093	205.070	167.954
211210_BD294_yh2ax_dmso100_REPS1-2-3_23_R3D_D3D.dv	0	70.093	237.399	160.424
211210_BD294_yh2ax_dmso100_REPS1-2-3_23_R3D_D3D.dv	0	62.218	255.317	176.147
211210_BD294_yh2ax_dmso100_REPS1-2-3_23_R3D_D3D.dv	0	148.798	278.955	174.494
211210_BD294_yh2ax_dmso100_REPS1-2-3_23_R3D_D3D.dv	0	84.369	259.348	183.926
211210_BD294_yh2ax_dmso100_REPS1-2-3_23_R3D_D3D.dv	0	97.541	248.934	187.607
211210_BD294_yh2ax_dmso100_REPS1-2-3_23_R3D_D3D.dv	0	117.436	245.032	177.307
211210_BD294_yh2ax_dmso100_REPS1-2-3_23_R3D_D3D.dv	0	92.659	263.951	179.271
211210_BD294_yh2ax_dmso100_REPS1-2-3_23_R3D_D3D.dv	2	115.916	228.022	311.049
211210_BD294_yh2ax_dmso100_REPS1-2-3_23_R3D_D3D.dv	0	133.002	342.678	174.941
211210_BD294_yh2ax_dmso100_REPS1-2-3_23_R3D_D3D.dv	0	90.402	200.071	181.951
211210_BD294_yh2ax_dmso100_REPS1-2-3_24_R3D_D3D.dv	0	71.152	254.560	172.172
211210_BD294_yh2ax_dmso100_REPS1-2-3_24_R3D_D3D.dv	0	56.645	254.953	159.613
211210_BD294_yh2ax_dmso100_REPS1-2-3_24_R3D_D3D.dv	0	68.619	288.387	165.370
211210_BD294_yh2ax_dmso100_REPS1-2-3_24_R3D_D3D.dv	0	97.725	267.537	181.679
211210_BD294_yh2ax_dmso100_REPS1-2-3_24_R3D_D3D.dv	0	79.718	284.570	170.892
211210_BD294_yh2ax_dmso100_REPS1-2-3_24_R3D_D3D.dv	1	76.172	256.937	165.090
211210_BD294_yh2ax_dmso100_REPS1-2-3_24_R3D_D3D.dv	0	140.094	257.511	183.068
211210_BD294_yh2ax_dmso100_REPS1-2-3_24_R3D_D3D.dv	0	76.586	246.454	171.839
211210_BD294_yh2ax_dmso100_REPS1-2-3_24_R3D_D3D.dv	0	80.685	243.678	175.350
211210_BD294_yh2ax_dmso100_REPS1-2-3_24_R3D_D3D.dv	0	155.844	302.919	170.428
211210_BD294_yh2ax_dmso100_REPS1-2-3_24_R3D_D3D.dv	0	72.442	266.418	155.731
211210_BD294_yh2ax_dmso100_REPS1-2-3_24_R3D_D3D.dv	0	166.758	341.579	165.365
211210_BD294_yh2ax_dmso100_REPS1-2-3_24_R3D_D3D.dv	1	100.442	267.891	186.086
211210_BD294_yh2ax_dmso100_REPS1-2-3_24_R3D_D3D.dv	0	56.553	172.885	182.526
211210_BD294_yh2ax_dmso100_REPS1-2-3_24_R3D_D3D.dv	1	96.251	194.594	191.063
211210_BD294_yh2ax_dmso100_REPS1-2-3_24_R3D_D3D.dv	0	134.199	370.471	183.256
211210_BD294_yh2ax_dmso100_REPS1-2-3_24_R3D_D3D.dv	0	136.962	343.856	170.395
211210_BD294_yh2ax_dmso100_REPS1-2-3_24_R3D_D3D.dv	0	89.619	235.755	174.853
211210_BD294_yh2ax_dmso100_REPS1-2-3_24_R3D_D3D.dv	0	139.449	301.291	167.834
211210_BD294_yh2ax_dmso100_REPS1-2-3_24_R3D_D3D.dv	0	96.804	268.766	195.594
211210_BD294_yh2ax_dmso100_REPS1-2-3_24_R3D_D3D.dv	0	67.882	219.865	186.908
211210_BD294_yh2ax_dmso100_REPS1-2-3_24_R3D_D3D.dv	1	71.382	275.477	183.895
211210_BD294_yh2ax_dmso100_REPS1-2-3_25_R3D_D3D.dv	0	105.324	331.833	187.344
211210_BD294_yh2ax_dmso100_REPS1-2-3_25_R3D_D3D.dv	0	141.521	369.188	180.928
211210_BD294_yh2ax_dmso100_REPS1-2-3_25_R3D_D3D.dv	0	89.343	292.237	181.547
211210_BD294_yh2ax_dmso100_REPS1-2-3_25_R3D_D3D.dv	0	93.856	262.521	196.701
211210_BD294_yh2ax_dmso100_REPS1-2-3_25_R3D_D3D.dv	0	94.823	274.816	177.259
211210_BD294_yh2ax_dmso100_REPS1-2-3_25_R3D_D3D.dv	0	67.053	261.343	179.424
211210_BD294_yh2ax_dmso100_REPS1-2-3_25_R3D_D3D.dv	1	97.080	255.050	216.959
211210_BD294_yh2ax_dmso100_REPS1-2-3_25_R3D_D3D.dv	0	115.087	263.136	186.409
211210_BD294_yh2ax_dmso100_REPS1-2-3_25_R3D_D3D.dv	0	128.857	322.341	211.088
211210_BD294_yh2ax_dmso100_REPS1-2-3_25_R3D_D3D.dv	1	59.224	192.267	693.647
211210_BD294_yh2ax_dmso100_REPS1-2-3_25_R3D_D3D.dv	0	90.725	232.024	190.034
211210_BD294_yh2ax_dmso100_REPS1-2-3_25_R3D_D3D.dv	0	85.014	280.746	184.439
211210_BD294_yh2ax_dmso100_REPS1-2-3_25_R3D_D3D.dv	0	138.159	296.255	177.151
211210_BD294_yh2ax_dmso100_REPS1-2-3_25_R3D_D3D.dv	0	135.028	279.641	189.499
211210_BD294_yh2ax_dmso100_REPS1-2-3_25_R3D_D3D.dv	1	94.409	273.035	185.171
211210_BD294_yh2ax_dmso100_REPS1-2-3_25_R3D_D3D.dv	0	89.251	252.702	182.266
211210_BD294_yh2ax_dmso100_REPS1-2-3_25_R3D_D3D.dv	0	94.133	301.374	191.528
211210_BD294_yh2ax_dmso100_REPS1-2-3_25_R3D_D3D.dv	0	87.040	290.351	177.687
211210_BD294_yh2ax_dmso100_REPS1-2-3_25_R3D_D3D.dv	0	72.626	250.710	174.937
211210_BD294_yh2ax_dmso100_REPS1-2-3_25_R3D_D3D.dv	0	93.027	242.719	196.340
211210_BD294_yh2ax_dmso100_REPS1-2-3_25_R3D_D3D.dv	0	101.363	286.130	184.318
211210_BD294_yh2ax_dmso100_REPS1-2-3_25_R3D_D3D.dv	0	131.988	247.313	181.596
211210_BD294_yh2ax_dmso100_REPS1-2-3_25_R3D_D3D.dv	0	76.817	277.951	176.986
211210_BD294_yh2ax_dmso100_REPS1-2-3_26_R3D_D3D.dv	0	90.909	267.003	147.116
211210_BD294_yh2ax_dmso100_REPS1-2-3_26_R3D_D3D.dv	1	106.705	382.446	173.097
211210_BD294_yh2ax_dmso100_REPS1-2-3_26_R3D_D3D.dv	0	72.442	333.097	167.916
211210_BD294_yh2ax_dmso100_REPS1-2-3_26_R3D_D3D.dv	0	96.251	239.200	156.961
211210_BD294_yh2ax_dmso100_REPS1-2-3_26_R3D_D3D.dv	0	86.027	269.229	158.926
211210_BD294_yh2ax_dmso100_REPS1-2-3_26_R3D_D3D.dv	0	94.639	269.277	165.744
211210_BD294_yh2ax_dmso100_REPS1-2-3_26_R3D_D3D.dv	0	129.455	253.629	177.359
211210_BD294_yh2ax_dmso100_REPS1-2-3_26_R3D_D3D.dv	0	88.008	318.753	241.322
211210_BD294_yh2ax_dmso100_REPS1-2-3_26_R3D_D3D.dv	0	130.008	297.453	228.200
211210_BD294_yh2ax_dmso100_REPS1-2-3_26_R3D_D3D.dv	2	147.692	209.306	221.307
211210_BD294_yh2ax_dmso100_REPS1-2-3_26_R3D_D3D.dv	0	84.323	267.256	162.838
211210_BD294_yh2ax_dmso100_REPS1-2-3_26_R3D_D3D.dv	0	140.324	333.801	163.381
211210_BD294_yh2ax_dmso100_REPS1-2-3_26_R3D_D3D.dv	0	72.672	249.027	222.639
211210_BD294_yh2ax_dmso100_REPS1-2-3_26_R3D_D3D.dv	0	100.166	234.616	169.400
211210_BD294_yh2ax_dmso100_REPS1-2-3_26_R3D_D3D.dv	0	147.508	262.255	168.875
211210_BD294_yh2ax_dmso100_REPS1-2-3_26_R3D_D3D.dv	0	183.522	283.096	173.189
211210_BD294_yh2ax_dmso100_REPS1-2-3_26_R3D_D3D.dv	0	161.324	287.373	175.255
211210_BD294_yh2ax_dmso100_REPS1-2-3_27_R3D_D3D.dv	0	121.995	297.428	194.634
211210_BD294_yh2ax_dmso100_REPS1-2-3_27_R3D_D3D.dv	2	85.935	332.790	299.101
211210_BD294_yh2ax_dmso100_REPS1-2-3_27_R3D_D3D.dv	0	85.152	251.214	164.700
211210_BD294_yh2ax_dmso100_REPS1-2-3_27_R3D_D3D.dv	0	91.784	297.640	208.116
211210_BD294_yh2ax_dmso100_REPS1-2-3_27_R3D_D3D.dv	0	89.527	321.317	208.381
211210_BD294_yh2ax_dmso100_REPS1-2-3_27_R3D_D3D.dv	1	96.620	332.632	188.445
211210_BD294_yh2ax_dmso100_REPS1-2-3_27_R3D_D3D.dv	1	83.540	282.015	183.466
211210_BD294_yh2ax_dmso100_REPS1-2-3_27_R3D_D3D.dv	0	78.106	267.369	179.266
211210_BD294_yh2ax_dmso100_REPS1-2-3_27_R3D_D3D.dv	0	100.672	279.362	168.830
211210_BD294_yh2ax_dmso100_REPS1-2-3_27_R3D_D3D.dv	0	88.284	328.933	172.295
211210_BD294_yh2ax_dmso100_REPS1-2-3_27_R3D_D3D.dv	0	84.139	298.114	171.704
211210_BD294_yh2ax_dmso100_REPS1-2-3_27_R3D_D3D.dv	0	67.007	247.318	178.160
211210_BD294_yh2ax_dmso100_REPS1-2-3_27_R3D_D3D.dv	0	98.968	235.109	171.629
211210_BD294_yh2ax_dmso100_REPS1-2-3_27_R3D_D3D.dv	0	154.140	268.324	171.507
211210_BD294_yh2ax_dmso100_REPS1-2-3_27_R3D_D3D.dv	1	111.495	276.784	203.594
211210_BD294_yh2ax_dmso100_REPS1-2-3_27_R3D_D3D.dv	1	84.738	291.789	199.760
211210_BD294_yh2ax_dmso100_REPS1-2-3_27_R3D_D3D.dv	0	120.015	319.281	180.944
211210_BD294_yh2ax_dmso100_REPS1-2-3_27_R3D_D3D.dv	0	103.481	230.261	175.354
211210_BD294_yh2ax_dmso100_REPS1-2-3_27_R3D_D3D.dv	1	106.199	276.544	191.791
211210_BD294_yh2ax_dmso100_REPS1-2-3_27_R3D_D3D.dv	0	86.304	290.200	180.223
211210_BD294_yh2ax_dmso100_REPS1-2-3_27_R3D_D3D.dv	0	84.646	248.739	169.641
211210_BD294_yh2ax_dmso100_REPS1-2-3_27_R3D_D3D.dv	0	87.777	302.647	173.350
211210_BD294_yh2ax_dmso100_REPS1-2-3_28_R3D_D3D.dv	0	97.909	340.887	157.360
211210_BD294_yh2ax_dmso100_REPS1-2-3_28_R3D_D3D.dv	1	91.185	289.171	210.724
211210_BD294_yh2ax_dmso100_REPS1-2-3_28_R3D_D3D.dv	0	85.705	305.597	213.284
211210_BD294_yh2ax_dmso100_REPS1-2-3_28_R3D_D3D.dv	0	115.041	244.499	183.241
211210_BD294_yh2ax_dmso100_REPS1-2-3_28_R3D_D3D.dv	0	65.395	290.713	231.512
211210_BD294_yh2ax_dmso100_REPS1-2-3_28_R3D_D3D.dv	0	194.344	348.844	197.347
211210_BD294_yh2ax_dmso100_REPS1-2-3_28_R3D_D3D.dv	0	88.560	336.059	176.940
211210_BD294_yh2ax_dmso100_REPS1-2-3_28_R3D_D3D.dv	0	103.666	296.877	189.197
211210_BD294_yh2ax_dmso100_REPS1-2-3_28_R3D_D3D.dv	0	155.061	309.261	184.463
211210_BD294_yh2ax_dmso100_REPS1-2-3_28_R3D_D3D.dv	0	90.725	313.126	179.123
211210_BD294_yh2ax_dmso100_REPS1-2-3_28_R3D_D3D.dv	0	77.001	332.220	198.188
211210_BD294_yh2ax_dmso100_REPS1-2-3_28_R3D_D3D.dv	0	114.258	285.572	185.116
211210_BD294_yh2ax_dmso100_REPS1-2-3_28_R3D_D3D.dv	0	76.218	292.065	180.679
211210_BD294_yh2ax_dmso100_REPS1-2-3_28_R3D_D3D.dv	0	126.047	289.152	236.190
211210_BD294_yh2ax_dmso100_REPS1-2-3_28_R3D_D3D.dv	0	125.219	335.195	213.350
211210_BD294_yh2ax_dmso100_REPS1-2-3_28_R3D_D3D.dv	0	83.633	286.885	197.066
211210_BD294_yh2ax_dmso100_REPS1-2-3_28_R3D_D3D.dv	0	119.232	281.631	256.831
211210_BD294_yh2ax_dmso100_REPS1-2-3_28_R3D_D3D.dv	0	82.711	302.403	185.860
211210_BD294_yh2ax_dmso100_REPS1-2-3_28_R3D_D3D.dv	0	93.258	280.659	187.575
211210_BD294_yh2ax_dmso100_REPS1-2-3_28_R3D_D3D.dv	0	79.304	264.538	189.451
211210_BD294_yh2ax_dmso100_REPS1-2-3_28_R3D_D3D.dv	1	88.606	261.262	237.183
211210_BD294_yh2ax_dmso100_REPS1-2-3_28_R3D_D3D.dv	0	76.771	284.109	187.321
211210_BD294_yh2ax_dmso100_REPS1-2-3_29_R3D_D3D.dv	0	157.778	289.157	222.435
211210_BD294_yh2ax_dmso100_REPS1-2-3_29_R3D_D3D.dv	0	86.304	306.822	209.403
211210_BD294_yh2ax_dmso100_REPS1-2-3_29_R3D_D3D.dv	0	104.449	240.373	263.382
211210_BD294_yh2ax_dmso100_REPS1-2-3_29_R3D_D3D.dv	1	107.028	388.436	233.582
211210_BD294_yh2ax_dmso100_REPS1-2-3_29_R3D_D3D.dv	0	109.422	239.224	236.845
211210_BD294_yh2ax_dmso100_REPS1-2-3_29_R3D_D3D.dv	0	125.541	377.692	209.961
211210_BD294_yh2ax_dmso100_REPS1-2-3_29_R3D_D3D.dv	0	41.356	288.465	285.731
211210_BD294_yh2ax_dmso100_REPS1-2-3_29_R3D_D3D.dv	0	90.034	303.673	217.091
211210_BD294_yh2ax_dmso100_REPS1-2-3_29_R3D_D3D.dv	0	64.060	311.587	283.614
211210_BD294_yh2ax_dmso100_REPS1-2-3_29_R3D_D3D.dv	0	205.121	281.526	244.847
211210_BD294_yh2ax_dmso100_REPS1-2-3_29_R3D_D3D.dv	2	94.685	318.840	305.725
211210_BD294_yh2ax_dmso100_REPS1-2-3_29_R3D_D3D.dv	0	92.198	211.730	200.393
211210_BD294_yh2ax_dmso100_REPS1-2-3_29_R3D_D3D.dv	0	92.567	210.716	188.541
211210_BD294_yh2ax_dmso100_REPS1-2-3_29_R3D_D3D.dv	1	84.461	324.079	205.550
211210_BD294_yh2ax_dmso100_REPS1-2-3_29_R3D_D3D.dv	0	74.007	339.235	213.964
211210_BD294_yh2ax_dmso100_REPS1-2-3_29_R3D_D3D.dv	0	91.416	193.594	204.761
211210_BD294_yh2ax_dmso100_REPS1-2-3_29_R3D_D3D.dv	0	72.442	325.111	194.485
211210_BD294_yh2ax_dmso100_REPS1-2-3_29_R3D_D3D.dv	0	107.350	361.980	200.903
211210_BD294_yh2ax_dmso100_REPS1-2-3_29_R3D_D3D.dv	0	100.764	371.203	179.840
211210_BD294_yh2ax_dmso100_REPS1-2-3_29_R3D_D3D.dv	0	75.159	344.574	183.969
211210_BD294_yh2ax_dmso100_REPS1-2-3_29_R3D_D3D.dv	0	122.501	254.694	190.074
211210_BD294_yh2ax_dmso100_REPS1-2-3_29_R3D_D3D.dv	0	66.040	359.165	180.945
211210_BD294_yh2ax_dmso100_REPS1-2-3_30_R3D_D3D.dv	0	153.357	395.762	217.222
211210_BD294_yh2ax_dmso100_REPS1-2-3_30_R3D_D3D.dv	0	127.337	422.205	177.430
211210_BD294_yh2ax_dmso100_REPS1-2-3_30_R3D_D3D.dv	0	67.790	310.091	176.588
211210_BD294_yh2ax_dmso100_REPS1-2-3_30_R3D_D3D.dv	0	81.514	326.227	182.369
211210_BD294_yh2ax_dmso100_REPS1-2-3_30_R3D_D3D.dv	0	84.508	335.595	183.737
211210_BD294_yh2ax_dmso100_REPS1-2-3_30_R3D_D3D.dv	0	133.830	467.722	192.408
211210_BD294_yh2ax_dmso100_REPS1-2-3_30_R3D_D3D.dv	0	116.238	374.099	180.361
211210_BD294_yh2ax_dmso100_REPS1-2-3_30_R3D_D3D.dv	0	126.324	424.328	200.234
211210_BD294_yh2ax_dmso100_REPS1-2-3_30_R3D_D3D.dv	2	86.626	397.905	204.961
211210_BD294_yh2ax_dmso100_REPS1-2-3_30_R3D_D3D.dv	1	78.106	384.723	212.434
211210_BD294_yh2ax_dmso100_REPS1-2-3_30_R3D_D3D.dv	0	73.823	377.835	192.362
211210_BD294_yh2ax_dmso100_REPS1-2-3_30_R3D_D3D.dv	1	105.139	371.608	206.332
211210_BD294_yh2ax_dmso100_REPS1-2-3_30_R3D_D3D.dv	0	119.186	434.668	181.470
211210_BD294_yh2ax_dmso100_REPS1-2-3_30_R3D_D3D.dv	0	77.784	284.667	205.045
211210_BD294_yh2ax_dmso100_REPS1-2-3_30_R3D_D3D.dv	0	82.113	360.305	237.044
211210_BD294_yh2ax_dmso100_REPS1-2-3_30_R3D_D3D.dv	0	82.067	373.659	189.830
211210_BD294_yh2ax_dmso100_REPS1-2-3_30_R3D_D3D.dv	0	93.166	306.109	207.641
211210_BD294_yh2ax_dmso100_REPS1-2-3_31_R3D_D3D.dv	0	92.244	329.758	200.992
211210_BD294_yh2ax_dmso100_REPS1-2-3_31_R3D_D3D.dv	0	88.238	386.340	163.463
211210_BD294_yh2ax_dmso100_REPS1-2-3_31_R3D_D3D.dv	0	96.527	309.766	178.057
211210_BD294_yh2ax_dmso100_REPS1-2-3_31_R3D_D3D.dv	0	127.337	350.046	186.069
211210_BD294_yh2ax_dmso100_REPS1-2-3_31_R3D_D3D.dv	1	81.514	369.742	240.569
211210_BD294_yh2ax_dmso100_REPS1-2-3_31_R3D_D3D.dv	1	104.403	362.345	179.404
211210_BD294_yh2ax_dmso100_REPS1-2-3_31_R3D_D3D.dv	0	102.192	382.602	205.675
211210_BD294_yh2ax_dmso100_REPS1-2-3_31_R3D_D3D.dv	0	27.402	272.086	174.291
211210_BD294_yh2ax_dmso100_REPS1-2-3_31_R3D_D3D.dv	0	48.724	301.505	173.240
211210_BD294_yh2ax_dmso100_REPS1-2-3_31_R3D_D3D.dv	0	190.752	364.818	188.227
211210_BD294_yh2ax_dmso100_REPS1-2-3_32_R3D_D3D.dv	0	77.093	313.316	174.320
211210_BD294_yh2ax_dmso100_REPS1-2-3_32_R3D_D3D.dv	0	150.640	440.333	184.006
211210_BD294_yh2ax_dmso100_REPS1-2-3_32_R3D_D3D.dv	1	64.060	285.183	189.368
211210_BD294_yh2ax_dmso100_REPS1-2-3_32_R3D_D3D.dv	5	99.429	476.323	2573.226
211210_BD294_yh2ax_dmso100_REPS1-2-3_32_R3D_D3D.dv	1	101.317	339.862	219.626
211210_BD294_yh2ax_dmso100_REPS1-2-3_32_R3D_D3D.dv	0	85.337	323.033	190.606
211210_BD294_yh2ax_dmso100_REPS1-2-3_32_R3D_D3D.dv	2	85.843	359.128	227.357
211210_BD294_yh2ax_dmso100_REPS1-2-3_32_R3D_D3D.dv	1	88.146	374.397	217.726
211210_BD294_yh2ax_dmso100_REPS1-2-3_32_R3D_D3D.dv	0	114.166	357.156	202.852
211210_BD294_yh2ax_dmso100_REPS1-2-3_32_R3D_D3D.dv	1	97.679	376.300	204.777
211210_BD294_yh2ax_dmso100_REPS1-2-3_32_R3D_D3D.dv	0	76.126	368.924	198.156
211210_BD294_yh2ax_dmso100_REPS1-2-3_32_R3D_D3D.dv	0	135.166	477.633	201.082
211210_BD294_yh2ax_dmso100_REPS1-2-3_32_R3D_D3D.dv	3	259.141	300.249	199.025
211210_BD294_yh2ax_dmso100_REPS1-2-3_32_R3D_D3D.dv	0	93.994	386.872	203.415
211210_BD294_yh2ax_dmso100_REPS1-2-3_32_R3D_D3D.dv	0	72.994	372.229	174.613
211210_BD294_yh2ax_dmso100_REPS1-2-3_32_R3D_D3D.dv	0	73.639	364.011	172.481
211210_BD294_yh2ax_dmso100_REPS1-2-3_32_R3D_D3D.dv	0	71.428	347.111	172.957
211210_BD294_yh2ax_dmso100_REPS1-2-3_33_R3D_D3D.dv	0	157.778	361.323	174.945
211210_BD294_yh2ax_dmso100_REPS1-2-3_33_R3D_D3D.dv	0	91.047	327.255	184.335
211210_BD294_yh2ax_dmso100_REPS1-2-3_33_R3D_D3D.dv	0	83.402	320.362	179.980
211210_BD294_yh2ax_dmso100_REPS1-2-3_33_R3D_D3D.dv	1	92.981	278.696	203.740
211210_BD294_yh2ax_dmso100_REPS1-2-3_33_R3D_D3D.dv	0	165.285	386.991	219.351
211210_BD294_yh2ax_dmso100_REPS1-2-3_33_R3D_D3D.dv	0	84.508	271.843	195.317
211210_BD294_yh2ax_dmso100_REPS1-2-3_33_R3D_D3D.dv	1	113.199	291.216	259.559
211210_BD294_yh2ax_dmso100_REPS1-2-3_33_R3D_D3D.dv	0	66.086	352.731	203.852
211210_BD294_yh2ax_dmso100_REPS1-2-3_33_R3D_D3D.dv	1	67.928	259.988	609.198
211210_BD294_yh2ax_dmso100_REPS1-2-3_33_R3D_D3D.dv	0	141.752	256.483	194.490
211210_BD294_yh2ax_dmso100_REPS1-2-3_33_R3D_D3D.dv	0	151.054	300.624	196.031
211210_BD294_yh2ax_dmso100_REPS1-2-3_33_R3D_D3D.dv	0	101.870	343.949	186.242
211210_BD294_yh2ax_dmso100_REPS1-2-3_33_R3D_D3D.dv	0	50.612	319.441	169.995
211210_BD294_yh2ax_dmso100_REPS1-2-3_33_R3D_D3D.dv	0	69.172	358.218	181.132
211210_BD294_yh2ax_dmso100_REPS1-2-3_33_R3D_D3D.dv	0	112.001	310.650	176.618
211210_BD294_yh2ax_dmso100_REPS1-2-3_33_R3D_D3D.dv	0	74.744	364.257	172.255
211210_BD294_yh2ax_dmso100_REPS1-2-3_33_R3D_D3D.dv	0	78.152	326.776	201.579
211210_BD294_yh2ax_dmso100_REPS1-2-3_33_R3D_D3D.dv	0	87.040	224.909	166.834
211210_BD294_yh2ax_dmso100_REPS1-2-3_34_R3D_D3D.dv	0	51.856	244.409	183.327
211210_BD294_yh2ax_dmso100_REPS1-2-3_34_R3D_D3D.dv	0	115.455	341.179	197.581
211210_BD294_yh2ax_dmso100_REPS1-2-3_34_R3D_D3D.dv	0	78.152	323.520	183.670
211210_BD294_yh2ax_dmso100_REPS1-2-3_34_R3D_D3D.dv	0	72.534	297.509	168.532
211210_BD294_yh2ax_dmso100_REPS1-2-3_34_R3D_D3D.dv	1	91.462	256.680	194.875
211210_BD294_yh2ax_dmso100_REPS1-2-3_34_R3D_D3D.dv	0	88.376	291.352	180.218
211210_BD294_yh2ax_dmso100_REPS1-2-3_34_R3D_D3D.dv	0	85.290	305.478	186.668
211210_BD294_yh2ax_dmso100_REPS1-2-3_34_R3D_D3D.dv	0	77.461	311.564	174.973
211210_BD294_yh2ax_dmso100_REPS1-2-3_34_R3D_D3D.dv	0	99.797	250.436	183.475
211210_BD294_yh2ax_dmso100_REPS1-2-3_34_R3D_D3D.dv	1	91.093	333.309	228.765
211210_BD294_yh2ax_dmso100_REPS1-2-3_34_R3D_D3D.dv	0	92.613	288.426	178.248
211210_BD294_yh2ax_dmso100_REPS1-2-3_34_R3D_D3D.dv	0	98.876	318.487	175.609
211210_BD294_yh2ax_dmso100_REPS1-2-3_34_R3D_D3D.dv	0	87.179	278.877	186.418
211210_BD294_yh2ax_dmso100_REPS1-2-3_34_R3D_D3D.dv	1	85.244	318.835	192.286
211210_BD294_yh2ax_dmso100_REPS1-2-3_34_R3D_D3D.dv	0	77.646	363.489	173.497
211210_BD294_yh2ax_dmso100_REPS1-2-3_34_R3D_D3D.dv	0	92.106	263.215	178.571
211210_BD294_yh2ax_dmso100_REPS1-2-3_34_R3D_D3D.dv	0	95.606	290.546	191.184
211210_BD294_yh2ax_dmso100_REPS1-2-3_34_R3D_D3D.dv	1	85.290	299.506	191.396
211210_BD294_yh2ax_dmso100_REPS1-2-3_34_R3D_D3D.dv	0	80.132	352.228	181.558
211210_BD294_yh2ax_dmso100_REPS1-2-3_34_R3D_D3D.dv	0	120.705	293.539	197.746
211210_BD294_yh2ax_dmso100_REPS1-2-3_34_R3D_D3D.dv	0	145.390	329.517	188.939
211210_BD294_yh2ax_dmso100_REPS1-2-3_34_R3D_D3D.dv	0	112.324	355.285	180.668
211210_BD294_yh2ax_dmso100_REPS1-2-3_34_R3D_D3D.dv	0	125.817	441.325	185.653
211210_BD294_yh2ax_dmso100_REPS1-2-3_35_R3D_D3D.dv	1	161.094	304.285	210.027
211210_BD294_yh2ax_dmso100_REPS1-2-3_35_R3D_D3D.dv	0	124.159	289.088	212.326
211210_BD294_yh2ax_dmso100_REPS1-2-3_35_R3D_D3D.dv	0	82.251	339.030	204.077
211210_BD294_yh2ax_dmso100_REPS1-2-3_35_R3D_D3D.dv	1	105.416	296.590	208.100
211210_BD294_yh2ax_dmso100_REPS1-2-3_35_R3D_D3D.dv	0	123.837	233.880	190.359
211210_BD294_yh2ax_dmso100_REPS1-2-3_35_R3D_D3D.dv	0	79.211	299.217	245.658
211210_BD294_yh2ax_dmso100_REPS1-2-3_35_R3D_D3D.dv	0	88.192	334.206	312.151
211210_BD294_yh2ax_dmso100_REPS1-2-3_35_R3D_D3D.dv	1	88.100	238.717	192.113
211210_BD294_yh2ax_dmso100_REPS1-2-3_35_R3D_D3D.dv	0	75.297	325.411	209.111
211210_BD294_yh2ax_dmso100_REPS1-2-3_35_R3D_D3D.dv	1	118.126	306.211	256.611
211210_BD294_yh2ax_dmso100_REPS1-2-3_35_R3D_D3D.dv	0	111.080	368.437	200.711
211210_BD294_yh2ax_dmso100_REPS1-2-3_35_R3D_D3D.dv	0	96.573	271.831	202.335
211210_BD294_yh2ax_dmso100_REPS1-2-3_35_R3D_D3D.dv	0	78.336	326.255	191.305
211210_BD294_yh2ax_dmso100_REPS1-2-3_35_R3D_D3D.dv	0	84.093	258.543	220.232
211210_BD294_yh2ax_dmso100_REPS1-2-3_35_R3D_D3D.dv	0	162.245	249.315	190.933
211210_BD294_yh2ax_dmso100_REPS1-2-3_35_R3D_D3D.dv	0	78.198	271.260	169.829
211210_BD294_yh2ax_dmso100_REPS1-2-3_35_R3D_D3D.dv	1	85.244	345.861	228.069
211210_BD294_yh2ax_dmso100_REPS1-2-3_35_R3D_D3D.dv	0	82.021	401.447	205.768
211210_BD294_yh2ax_dmso100_REPS1-2-3_36_R3D_D3D.dv	1	124.896	320.294	179.718
211210_BD294_yh2ax_dmso100_REPS1-2-3_36_R3D_D3D.dv	0	89.942	230.037	158.891
211210_BD294_yh2ax_dmso100_REPS1-2-3_36_R3D_D3D.dv	0	80.823	295.282	177.456
211210_BD294_yh2ax_dmso100_REPS1-2-3_36_R3D_D3D.dv	0	79.350	250.130	153.326
211210_BD294_yh2ax_dmso100_REPS1-2-3_36_R3D_D3D.dv	0	75.988	284.763	173.314
211210_BD294_yh2ax_dmso100_REPS1-2-3_36_R3D_D3D.dv	0	98.876	249.449	183.422
211210_BD294_yh2ax_dmso100_REPS1-2-3_36_R3D_D3D.dv	0	88.146	267.024	166.771
211210_BD294_yh2ax_dmso100_REPS1-2-3_36_R3D_D3D.dv	0	116.975	345.346	176.567
211210_BD294_yh2ax_dmso100_REPS1-2-3_36_R3D_D3D.dv	0	121.857	358.996	178.275
211210_BD294_yh2ax_dmso100_REPS1-2-3_36_R3D_D3D.dv	0	99.751	341.299	170.012
211210_BD294_yh2ax_dmso100_REPS1-2-3_36_R3D_D3D.dv	0	80.547	274.009	164.238
211210_BD294_yh2ax_dmso100_REPS1-2-3_36_R3D_D3D.dv	0	75.251	315.687	181.035
211210_BD294_yh2ax_dmso100_REPS1-2-3_36_R3D_D3D.dv	0	59.040	264.286	155.711
211210_BD294_yh2ax_dmso100_REPS1-2-3_36_R3D_D3D.dv	0	85.567	310.208	171.330
211210_BD294_yh2ax_dmso100_REPS1-2-3_36_R3D_D3D.dv	0	119.830	273.564	178.594
211210_BD294_yh2ax_dmso100_REPS1-2-3_36_R3D_D3D.dv	0	90.771	286.112	185.084
211210_BD294_yh2ax_dmso100_REPS1-2-3_36_R3D_D3D.dv	0	90.448	248.362	169.895
211210_BD294_yh2ax_dmso100_REPS1-2-3_36_R3D_D3D.dv	0	88.284	264.322	198.907
211210_BD294_yh2ax_dmso100_REPS1-2-3_36_R3D_D3D.dv	0	84.093	259.771	192.527
211210_BD294_yh2ax_dmso100_REPS1-2-3_36_R3D_D3D.dv	1	83.034	275.092	228.305
211210_BD294_yh2ax_dmso100_REPS1-2-3_36_R3D_D3D.dv	0	80.040	301.575	176.623
211210_BD294_yh2ax_dmso100_REPS1-2-3_36_R3D_D3D.dv	0	92.198	263.953	211.936
211210_BD294_yh2ax_dmso100_REPS1-2-3_36_R3D_D3D.dv	0	74.284	253.975	176.995
211210_BD294_yh2ax_dmso100_REPS1-2-3_36_R3D_D3D.dv	0	103.021	282.639	191.198
211210_BD294_yh2ax_dmso100_REPS1-2-3_36_R3D_D3D.dv	0	86.534	334.173	190.144
211210_BD294_yh2ax_dmso100_REPS1-2-3_37_R3D_D3D.dv	0	78.106	281.357	173.562
211210_BD294_yh2ax_dmso100_REPS1-2-3_37_R3D_D3D.dv	0	77.968	273.949	171.987
211210_BD294_yh2ax_dmso100_REPS1-2-3_37_R3D_D3D.dv	0	80.685	220.830	165.357
211210_BD294_yh2ax_dmso100_REPS1-2-3_37_R3D_D3D.dv	0	145.850	302.177	179.408
211210_BD294_yh2ax_dmso100_REPS1-2-3_37_R3D_D3D.dv	1	103.159	188.854	191.180
211210_BD294_yh2ax_dmso100_REPS1-2-3_37_R3D_D3D.dv	0	90.679	210.900	171.184
211210_BD294_yh2ax_dmso100_REPS1-2-3_37_R3D_D3D.dv	0	140.554	259.052	174.654
211210_BD294_yh2ax_dmso100_REPS1-2-3_37_R3D_D3D.dv	0	118.541	229.450	188.256
211210_BD294_yh2ax_dmso100_REPS1-2-3_37_R3D_D3D.dv	1	113.751	273.622	188.199
211210_BD294_yh2ax_dmso100_REPS1-2-3_37_R3D_D3D.dv	0	102.975	290.224	172.648
211210_BD294_yh2ax_dmso100_REPS1-2-3_37_R3D_D3D.dv	0	82.067	318.508	176.320
211210_BD294_yh2ax_dmso100_REPS1-2-3_37_R3D_D3D.dv	0	79.534	257.855	169.369
211210_BD294_yh2ax_dmso100_REPS1-2-3_37_R3D_D3D.dv	0	108.685	300.337	174.542
211210_BD294_yh2ax_dmso100_REPS1-2-3_37_R3D_D3D.dv	0	91.369	272.895	166.258
211210_BD294_yh2ax_dmso100_REPS1-2-3_37_R3D_D3D.dv	0	117.804	272.251	179.926
211210_BD294_yh2ax_dmso100_REPS1-2-3_37_R3D_D3D.dv	0	137.192	342.745	180.423
211210_BD294_yh2ax_dmso100_REPS1-2-3_37_R3D_D3D.dv	0	83.172	242.002	166.388
211210_BD294_yh2ax_dmso100_REPS1-2-3_37_R3D_D3D.dv	0	97.817	318.138	181.688
211210_BD294_yh2ax_dmso100_REPS1-2-3_37_R3D_D3D.dv	0	115.593	269.650	172.771
211210_BD294_yh2ax_dmso100_REPS1-2-3_37_R3D_D3D.dv	0	95.422	260.054	164.054
211210_BD294_yh2ax_dmso100_REPS1-2-3_37_R3D_D3D.dv	0	77.093	279.937	160.697
211210_BD294_yh2ax_dmso100_REPS1-2-3_37_R3D_D3D.dv	0	85.797	258.258	174.795
211210_BD294_yh2ax_dmso100_REPS1-2-3_38_R3D_D3D.dv	0	65.580	294.916	162.216
211210_BD294_yh2ax_dmso100_REPS1-2-3_38_R3D_D3D.dv	0	82.527	275.411	179.003
211210_BD294_yh2ax_dmso100_REPS1-2-3_38_R3D_D3D.dv	0	98.876	236.925	176.165
211210_BD294_yh2ax_dmso100_REPS1-2-3_38_R3D_D3D.dv	0	97.909	232.472	181.680
211210_BD294_yh2ax_dmso100_REPS1-2-3_38_R3D_D3D.dv	0	74.790	288.039	173.378
211210_BD294_yh2ax_dmso100_REPS1-2-3_38_R3D_D3D.dv	0	74.330	259.452	176.817
211210_BD294_yh2ax_dmso100_REPS1-2-3_38_R3D_D3D.dv	1	110.159	309.450	201.878
211210_BD294_yh2ax_dmso100_REPS1-2-3_38_R3D_D3D.dv	0	119.370	289.063	173.305
211210_BD294_yh2ax_dmso100_REPS1-2-3_38_R3D_D3D.dv	0	94.225	287.014	179.911
211210_BD294_yh2ax_dmso100_REPS1-2-3_38_R3D_D3D.dv	0	162.614	317.688	173.581
211210_BD294_yh2ax_dmso100_REPS1-2-3_38_R3D_D3D.dv	0	153.219	298.172	170.863
211210_BD294_yh2ax_dmso100_REPS1-2-3_38_R3D_D3D.dv	0	112.738	253.986	187.446
211210_BD294_yh2ax_dmso100_REPS1-2-3_38_R3D_D3D.dv	0	89.573	229.644	178.069
211210_BD294_yh2ax_dmso100_REPS1-2-3_38_R3D_D3D.dv	0	104.541	313.132	173.863
211210_BD294_yh2ax_dmso100_REPS1-2-3_38_R3D_D3D.dv	0	94.547	204.001	185.262
211210_BD294_yh2ax_dmso100_REPS1-2-3_38_R3D_D3D.dv	0	86.442	293.648	171.720
211210_BD294_yh2ax_dmso100_REPS1-2-3_38_R3D_D3D.dv	0	36.198	186.962	175.973
211210_BD294_yh2ax_dmso100_REPS1-2-3_38_R3D_D3D.dv	0	50.152	176.988	174.929
211210_BD294_yh2ax_dmso100_REPS1-2-3_38_R3D_D3D.dv	0	130.653	275.516	176.639
211210_BD294_yh2ax_dmso100_REPS1-2-3_38_R3D_D3D.dv	0	142.995	256.192	169.606
211210_BD294_yh2ax_dmso100_REPS1-2-3_38_R3D_D3D.dv	0	75.757	283.790	175.289
211210_BD294_yh2ax_dmso100_REPS1-2-3_38_R3D_D3D.dv	0	67.053	268.992	176.605
211210_BD294_yh2ax_dmso100_REPS1-2-3_38_R3D_D3D.dv	0	86.396	270.865	174.520
211210_BD294_yh2ax_dmso100_REPS1-2-3_39_R3D_D3D.dv	0	85.613	161.460	185.030
211210_BD294_yh2ax_dmso100_REPS1-2-3_39_R3D_D3D.dv	0	61.573	224.215	170.515
211210_BD294_yh2ax_dmso100_REPS1-2-3_39_R3D_D3D.dv	1	83.817	241.027	188.010
211210_BD294_yh2ax_dmso100_REPS1-2-3_39_R3D_D3D.dv	0	76.494	247.765	180.118
211210_BD294_yh2ax_dmso100_REPS1-2-3_39_R3D_D3D.dv	0	80.961	241.031	195.553
211210_BD294_yh2ax_dmso100_REPS1-2-3_39_R3D_D3D.dv	0	123.699	329.668	172.388
211210_BD294_yh2ax_dmso100_REPS1-2-3_39_R3D_D3D.dv	0	54.066	271.090	183.477
211210_BD294_yh2ax_dmso100_REPS1-2-3_39_R3D_D3D.dv	0	57.751	286.378	184.586
211210_BD294_yh2ax_dmso100_REPS1-2-3_39_R3D_D3D.dv	0	86.672	225.123	171.415
211210_BD294_yh2ax_dmso100_REPS1-2-3_39_R3D_D3D.dv	0	138.942	354.788	184.191
211210_BD294_yh2ax_dmso100_REPS1-2-3_39_R3D_D3D.dv	0	58.948	275.948	183.684
211210_BD294_yh2ax_dmso100_REPS1-2-3_39_R3D_D3D.dv	0	89.758	184.414	176.607
211210_BD294_yh2ax_dmso100_REPS1-2-3_39_R3D_D3D.dv	0	76.817	248.223	188.255
211210_BD294_yh2ax_dmso100_REPS1-2-3_39_R3D_D3D.dv	0	91.508	224.519	189.495
211210_BD294_yh2ax_dmso100_REPS1-2-3_39_R3D_D3D.dv	0	72.948	269.629	175.158
211210_BD294_yh2ax_dmso100_REPS1-2-3_39_R3D_D3D.dv	0	105.508	230.324	194.769
211210_BD294_yh2ax_dmso100_REPS1-2-3_39_R3D_D3D.dv	1	82.711	221.146	210.779
211210_BD294_yh2ax_dmso100_REPS1-2-3_39_R3D_D3D.dv	0	93.902	208.122	189.611
211210_BD294_yh2ax_dmso100_REPS1-2-3_39_R3D_D3D.dv	0	78.475	238.669	173.637
211210_BD294_yh2ax_dmso100_REPS1-2-3_39_R3D_D3D.dv	0	75.159	276.016	180.907
211210_BD294_yh2ax_dmso100_REPS1-2-3_39_R3D_D3D.dv	0	70.830	265.378	204.114
211210_BD294_yh2ax_dmso100_REPS1-2-3_39_R3D_D3D.dv	0	129.087	218.177	187.757
211210_BD294_yh2ax_dmso100_REPS1-2-3_39_R3D_D3D.dv	0	81.100	232.670	202.240
211210_BD294_yh2ax_dmso100_REPS1-2-3_39_R3D_D3D.dv	0	135.627	285.485	193.297
211210_BD294_yh2ax_dmso100_REPS1-2-3_39_R3D_D3D.dv	0	65.303	277.013	204.631
211210_BD294_yh2ax_dmso100_REPS1-2-3_39_R3D_D3D.dv	0	102.745	322.188	185.156
211210_BD294_yh2ax_dmso100_REPS1-2-3_39_R3D_D3D.dv	0	69.678	198.613	197.256
211210_BD294_yh2ax_dmso100_REPS1-2-3_39_R3D_D3D.dv	0	79.810	224.790	215.336
211210_BD294_yh2ax_dmso100_REPS1-2-3_39_R3D_D3D.dv	0	112.876	285.999	189.724
211210_BD294_yh2ax_dmso100_REPS1-2-3_39_R3D_D3D.dv	1	68.896	245.156	197.205
211210_BD294_yh2ax_dmso100_REPS1-2-3_39_R3D_D3D.dv	1	126.692	205.485	199.475
211210_BD294_yh2ax_dmso100_REPS1-2-3_40_R3D_D3D.dv	0	143.870	392.912	166.335
211210_BD294_yh2ax_dmso100_REPS1-2-3_40_R3D_D3D.dv	0	76.632	256.744	167.056
211210_BD294_yh2ax_dmso100_REPS1-2-3_40_R3D_D3D.dv	0	80.271	267.964	167.112
211210_BD294_yh2ax_dmso100_REPS1-2-3_40_R3D_D3D.dv	0	86.488	258.296	161.269
211210_BD294_yh2ax_dmso100_REPS1-2-3_40_R3D_D3D.dv	0	87.455	232.009	181.165
211210_BD294_yh2ax_dmso100_REPS1-2-3_40_R3D_D3D.dv	0	92.751	304.074	183.187
211210_BD294_yh2ax_dmso100_REPS1-2-3_40_R3D_D3D.dv	0	99.935	227.576	179.109
211210_BD294_yh2ax_dmso100_REPS1-2-3_40_R3D_D3D.dv	0	77.830	254.222	158.969
211210_BD294_yh2ax_dmso100_REPS1-2-3_40_R3D_D3D.dv	1	104.771	232.424	212.000
211210_BD294_yh2ax_dmso100_REPS1-2-3_40_R3D_D3D.dv	0	73.961	249.472	180.456
211210_BD294_yh2ax_dmso100_REPS1-2-3_40_R3D_D3D.dv	0	80.225	184.555	171.280
211210_BD294_yh2ax_dmso100_REPS1-2-3_40_R3D_D3D.dv	0	79.442	252.481	172.334
211210_BD294_yh2ax_dmso100_REPS1-2-3_40_R3D_D3D.dv	0	169.936	241.509	196.269
211210_BD294_yh2ax_dmso100_REPS1-2-3_40_R3D_D3D.dv	0	109.422	274.461	163.660
211210_BD294_yh2ax_dmso100_REPS1-2-3_40_R3D_D3D.dv	0	104.633	238.765	181.309
211210_BD294_yh2ax_dmso100_REPS1-2-3_40_R3D_D3D.dv	0	92.337	279.769	224.979
211210_BD294_yh2ax_dmso100_REPS1-2-3_40_R3D_D3D.dv	0	83.817	243.487	173.183
211210_BD294_yh2ax_dmso100_REPS1-2-3_40_R3D_D3D.dv	1	111.218	225.707	198.369
211210_BD294_yh2ax_dmso100_REPS1-2-3_40_R3D_D3D.dv	0	69.448	272.416	176.168
211210_BD294_yh2ax_dmso100_REPS1-2-3_40_R3D_D3D.dv	0	93.258	250.725	171.401
211210_BD294_yh2ax_dmso100_REPS1-2-3_41_R3D_D3D.dv	0	62.678	289.586	150.605
211210_BD294_yh2ax_dmso100_REPS1-2-3_41_R3D_D3D.dv	0	77.554	275.145	159.584
211210_BD294_yh2ax_dmso100_REPS1-2-3_41_R3D_D3D.dv	0	120.751	265.818	160.086
211210_BD294_yh2ax_dmso100_REPS1-2-3_41_R3D_D3D.dv	0	137.837	337.684	165.798
211210_BD294_yh2ax_dmso100_REPS1-2-3_41_R3D_D3D.dv	1	154.462	317.663	192.585
211210_BD294_yh2ax_dmso100_REPS1-2-3_41_R3D_D3D.dv	1	149.074	368.016	176.213
211210_BD294_yh2ax_dmso100_REPS1-2-3_41_R3D_D3D.dv	0	65.488	311.452	167.675
211210_BD294_yh2ax_dmso100_REPS1-2-3_41_R3D_D3D.dv	0	72.165	198.326	147.066
211210_BD294_yh2ax_dmso100_REPS1-2-3_41_R3D_D3D.dv	0	139.725	282.218	175.286
211210_BD294_yh2ax_dmso100_REPS1-2-3_41_R3D_D3D.dv	0	82.297	202.843	158.848
211210_BD294_yh2ax_dmso100_REPS1-2-3_41_R3D_D3D.dv	0	114.764	312.470	162.904
211210_BD294_yh2ax_dmso100_REPS1-2-3_41_R3D_D3D.dv	0	81.468	261.576	162.962
211210_BD294_yh2ax_dmso100_REPS1-2-3_41_R3D_D3D.dv	0	133.186	347.245	168.289
211210_BD294_yh2ax_dmso100_REPS1-2-3_41_R3D_D3D.dv	0	79.856	284.291	168.434
211210_BD294_yh2ax_dmso100_REPS1-2-3_41_R3D_D3D.dv	1	97.817	245.282	179.106
211210_BD294_yh2ax_dmso100_REPS1-2-3_41_R3D_D3D.dv	0	110.067	260.346	169.999
211210_BD294_yh2ax_dmso100_REPS1-2-3_41_R3D_D3D.dv	0	89.758	217.801	171.548
211210_BD294_yh2ax_dmso100_REPS1-2-3_41_R3D_D3D.dv	0	65.902	281.277	160.393
211210_BD294_yh2ax_dmso100_REPS1-2-3_41_R3D_D3D.dv	0	67.974	260.581	159.874
211210_BD294_yh2ax_dmso100_REPS1-2-3_41_R3D_D3D.dv	1	85.889	276.443	170.862
211210_BD294_yh2ax_dmso100_REPS1-2-3_42_R3D_D3D.dv	0	90.955	214.247	170.272
211210_BD294_yh2ax_dmso100_REPS1-2-3_42_R3D_D3D.dv	0	145.712	366.210	161.281
211210_BD294_yh2ax_dmso100_REPS1-2-3_42_R3D_D3D.dv	0	89.481	232.300	173.602
211210_BD294_yh2ax_dmso100_REPS1-2-3_42_R3D_D3D.dv	1	117.297	268.210	176.647
211210_BD294_yh2ax_dmso100_REPS1-2-3_42_R3D_D3D.dv	0	176.384	255.293	186.599
211210_BD294_yh2ax_dmso100_REPS1-2-3_42_R3D_D3D.dv	4	100.120	322.831	236.107
211210_BD294_yh2ax_dmso100_REPS1-2-3_42_R3D_D3D.dv	0	92.797	282.821	186.132
211210_BD294_yh2ax_dmso100_REPS1-2-3_42_R3D_D3D.dv	1	39.099	244.651	394.980
211210_BD294_yh2ax_dmso100_REPS1-2-3_42_R3D_D3D.dv	0	69.356	262.948	266.929
211210_BD294_yh2ax_dmso100_REPS1-2-3_42_R3D_D3D.dv	0	122.087	253.101	182.465
211210_BD294_yh2ax_dmso100_REPS1-2-3_42_R3D_D3D.dv	0	68.297	279.882	165.302
211210_BD294_yh2ax_dmso100_REPS1-2-3_42_R3D_D3D.dv	0	95.100	280.598	173.621
211210_BD294_yh2ax_dmso100_REPS1-2-3_42_R3D_D3D.dv	0	90.494	256.442	188.132
211210_BD294_yh2ax_dmso100_REPS1-2-3_42_R3D_D3D.dv	0	124.758	281.873	179.849
211210_BD294_yh2ax_dmso100_REPS1-2-3_42_R3D_D3D.dv	0	148.567	295.371	171.191
211210_BD294_yh2ax_dmso100_REPS1-2-3_42_R3D_D3D.dv	0	112.876	284.631	172.448
211210_BD294_yh2ax_dmso100_REPS1-2-3_42_R3D_D3D.dv	0	69.264	272.516	162.890
211210_BD294_yh2ax_dmso100_REPS1-2-3_42_R3D_D3D.dv	0	81.790	256.270	157.696
211210_BD294_yh2ax_dmso100_REPS1-2-3_42_R3D_D3D.dv	0	81.790	258.328	175.954
211210_BD294_yh2ax_dmso100_REPS1-2-3_42_R3D_D3D.dv	0	155.015	324.749	170.197
211210_BD294_yh2ax_dmso100_REPS1-2-3_42_R3D_D3D.dv	0	77.738	224.966	170.984
