filename	num_maxima	area	dapi	yh2ax
211210_BD294_yh2ax_dmso100_REPS1-2-3_43_R3D_D3D.dv	0	125.541	129.384	225.809
211210_BD294_yh2ax_dmso100_REPS1-2-3_43_R3D_D3D.dv	1	123.975	166.688	386.700
211210_BD294_yh2ax_dmso100_REPS1-2-3_43_R3D_D3D.dv	1	114.949	120.035	262.196
211210_BD294_yh2ax_dmso100_REPS1-2-3_43_R3D_D3D.dv	5	126.278	124.044	225.780
211210_BD294_yh2ax_dmso100_REPS1-2-3_43_R3D_D3D.dv	4	129.640	97.072	229.866
211210_BD294_yh2ax_dmso100_REPS1-2-3_43_R3D_D3D.dv	3	143.686	132.654	251.060
211210_BD294_yh2ax_dmso100_REPS1-2-3_43_R3D_D3D.dv	6	103.988	113.941	183.346
211210_BD294_yh2ax_dmso100_REPS1-2-3_43_R3D_D3D.dv	0	83.034	91.285	207.385
211210_BD294_yh2ax_dmso100_REPS1-2-3_43_R3D_D3D.dv	0	149.442	107.123	222.696
211210_BD294_yh2ax_dmso100_REPS1-2-3_43_R3D_D3D.dv	4	90.172	100.670	231.380
211210_BD294_yh2ax_dmso100_REPS1-2-3_43_R3D_D3D.dv	2	98.047	96.086	200.946
211210_BD294_yh2ax_dmso100_REPS1-2-3_43_R3D_D3D.dv	0	95.054	79.555	216.213
211210_BD294_yh2ax_dmso100_REPS1-2-3_43_R3D_D3D.dv	1	119.370	100.113	220.966
211210_BD294_yh2ax_dmso100_REPS1-2-3_43_R3D_D3D.dv	1	150.271	124.036	229.800
211210_BD294_yh2ax_dmso100_REPS1-2-3_43_R3D_D3D.dv	2	170.673	114.436	236.387
211210_BD294_yh2ax_dmso100_REPS1-2-3_43_R3D_D3D.dv	5	100.396	104.012	240.762
211210_BD294_yh2ax_dmso100_REPS1-2-3_43_R3D_D3D.dv	5	100.718	101.887	242.243
211210_BD294_yh2ax_dmso100_REPS1-2-3_43_R3D_D3D.dv	1	135.488	91.107	248.987
211210_BD294_yh2ax_dmso100_REPS1-2-3_43_R3D_D3D.dv	5	93.166	86.571	223.677
211210_BD294_yh2ax_dmso100_REPS1-2-3_43_R3D_D3D.dv	2	75.711	76.166	192.182
211210_BD294_yh2ax_dmso100_REPS1-2-3_44_R3D_D3D.dv	0	112.416	121.455	292.342
211210_BD294_yh2ax_dmso100_REPS1-2-3_44_R3D_D3D.dv	7	176.153	84.947	196.028
211210_BD294_yh2ax_dmso100_REPS1-2-3_44_R3D_D3D.dv	1	165.331	173.497	296.786
211210_BD294_yh2ax_dmso100_REPS1-2-3_44_R3D_D3D.dv	3	88.652	108.113	195.175
211210_BD294_yh2ax_dmso100_REPS1-2-3_44_R3D_D3D.dv	0	134.844	84.729	227.915
211210_BD294_yh2ax_dmso100_REPS1-2-3_44_R3D_D3D.dv	3	104.264	86.939	230.052
211210_BD294_yh2ax_dmso100_REPS1-2-3_44_R3D_D3D.dv	2	86.902	106.339	199.337
211210_BD294_yh2ax_dmso100_REPS1-2-3_44_R3D_D3D.dv	0	150.087	134.671	246.268
211210_BD294_yh2ax_dmso100_REPS1-2-3_44_R3D_D3D.dv	3	126.923	119.914	312.925
211210_BD294_yh2ax_dmso100_REPS1-2-3_44_R3D_D3D.dv	4	130.607	127.974	264.611
211210_BD294_yh2ax_dmso100_REPS1-2-3_44_R3D_D3D.dv	4	84.415	111.522	261.022
211210_BD294_yh2ax_dmso100_REPS1-2-3_44_R3D_D3D.dv	4	116.514	90.353	230.819
211210_BD294_yh2ax_dmso100_REPS1-2-3_44_R3D_D3D.dv	2	115.916	108.497	289.504
211210_BD294_yh2ax_dmso100_REPS1-2-3_44_R3D_D3D.dv	3	146.403	118.858	213.124
211210_BD294_yh2ax_dmso100_REPS1-2-3_44_R3D_D3D.dv	1	140.416	111.865	236.285
211210_BD294_yh2ax_dmso100_REPS1-2-3_44_R3D_D3D.dv	3	167.265	114.774	234.277
211210_BD294_yh2ax_dmso100_REPS1-2-3_44_R3D_D3D.dv	3	72.902	118.886	233.011
211210_BD294_yh2ax_dmso100_REPS1-2-3_44_R3D_D3D.dv	1	101.363	98.516	227.571
211210_BD294_yh2ax_dmso100_REPS1-2-3_44_R3D_D3D.dv	0	108.870	63.726	219.044
211210_BD294_yh2ax_dmso100_REPS1-2-3_44_R3D_D3D.dv	0	100.764	117.006	410.092
211210_BD294_yh2ax_dmso100_REPS1-2-3_44_R3D_D3D.dv	3	72.396	110.370	217.481
211210_BD294_yh2ax_dmso100_REPS1-2-3_44_R3D_D3D.dv	0	99.383	83.171	214.152
211210_BD294_yh2ax_dmso100_REPS1-2-3_45_R3D_D3D.dv	0	100.212	85.614	233.879
211210_BD294_yh2ax_dmso100_REPS1-2-3_45_R3D_D3D.dv	1	166.068	86.836	196.611
211210_BD294_yh2ax_dmso100_REPS1-2-3_45_R3D_D3D.dv	1	137.791	92.668	173.174
211210_BD294_yh2ax_dmso100_REPS1-2-3_45_R3D_D3D.dv	0	226.029	95.151	237.056
211210_BD294_yh2ax_dmso100_REPS1-2-3_45_R3D_D3D.dv	5	132.541	77.956	178.126
211210_BD294_yh2ax_dmso100_REPS1-2-3_45_R3D_D3D.dv	0	122.501	84.587	226.748
211210_BD294_yh2ax_dmso100_REPS1-2-3_45_R3D_D3D.dv	4	93.948	80.126	193.501
211210_BD294_yh2ax_dmso100_REPS1-2-3_45_R3D_D3D.dv	1	158.791	73.792	244.272
211210_BD294_yh2ax_dmso100_REPS1-2-3_45_R3D_D3D.dv	2	175.048	75.093	224.356
211210_BD294_yh2ax_dmso100_REPS1-2-3_45_R3D_D3D.dv	3	77.922	79.119	193.776
211210_BD294_yh2ax_dmso100_REPS1-2-3_45_R3D_D3D.dv	0	96.527	74.628	200.981
211210_BD294_yh2ax_dmso100_REPS1-2-3_45_R3D_D3D.dv	1	113.982	85.284	215.314
211210_BD294_yh2ax_dmso100_REPS1-2-3_45_R3D_D3D.dv	1	143.363	68.380	200.189
211210_BD294_yh2ax_dmso100_REPS1-2-3_45_R3D_D3D.dv	0	86.212	97.976	234.147
211210_BD294_yh2ax_dmso100_REPS1-2-3_45_R3D_D3D.dv	2	113.521	85.197	220.589
211210_BD294_yh2ax_dmso100_REPS1-2-3_45_R3D_D3D.dv	1	61.988	87.901	228.167
211210_BD294_yh2ax_dmso100_REPS1-2-3_45_R3D_D3D.dv	3	215.805	94.742	233.978
211210_BD294_yh2ax_dmso100_REPS1-2-3_45_R3D_D3D.dv	2	101.225	83.695	191.415
211210_BD294_yh2ax_dmso100_REPS1-2-3_45_R3D_D3D.dv	0	176.614	116.808	235.861
211210_BD294_yh2ax_dmso100_REPS1-2-3_45_R3D_D3D.dv	6	95.330	108.348	178.478
211210_BD294_yh2ax_dmso100_REPS1-2-3_45_R3D_D3D.dv	0	72.810	89.287	195.980
211210_BD294_yh2ax_dmso100_REPS1-2-3_46_R3D_D3D.dv	0	141.199	96.007	481.584
211210_BD294_yh2ax_dmso100_REPS1-2-3_46_R3D_D3D.dv	0	90.402	94.758	245.119
211210_BD294_yh2ax_dmso100_REPS1-2-3_46_R3D_D3D.dv	3	70.323	106.830	341.172
211210_BD294_yh2ax_dmso100_REPS1-2-3_46_R3D_D3D.dv	0	132.679	83.386	303.488
211210_BD294_yh2ax_dmso100_REPS1-2-3_46_R3D_D3D.dv	2	104.356	110.868	517.413
211210_BD294_yh2ax_dmso100_REPS1-2-3_46_R3D_D3D.dv	4	100.304	92.158	708.669
211210_BD294_yh2ax_dmso100_REPS1-2-3_46_R3D_D3D.dv	3	126.969	98.313	515.670
211210_BD294_yh2ax_dmso100_REPS1-2-3_46_R3D_D3D.dv	1	44.303	110.103	296.888
211210_BD294_yh2ax_dmso100_REPS1-2-3_46_R3D_D3D.dv	4	85.106	109.275	319.791
211210_BD294_yh2ax_dmso100_REPS1-2-3_46_R3D_D3D.dv	0	122.087	131.441	276.551
211210_BD294_yh2ax_dmso100_REPS1-2-3_46_R3D_D3D.dv	3	80.455	83.883	295.525
211210_BD294_yh2ax_dmso100_REPS1-2-3_46_R3D_D3D.dv	2	147.416	101.760	483.312
211210_BD294_yh2ax_dmso100_REPS1-2-3_46_R3D_D3D.dv	0	101.547	82.670	242.678
211210_BD294_yh2ax_dmso100_REPS1-2-3_46_R3D_D3D.dv	4	129.179	100.061	291.106
211210_BD294_yh2ax_dmso100_REPS1-2-3_46_R3D_D3D.dv	0	86.212	98.580	295.472
211210_BD294_yh2ax_dmso100_REPS1-2-3_46_R3D_D3D.dv	6	65.488	105.448	268.574
211210_BD294_yh2ax_dmso100_REPS1-2-3_46_R3D_D3D.dv	1	87.363	92.384	258.647
211210_BD294_yh2ax_dmso100_REPS1-2-3_46_R3D_D3D.dv	0	89.297	111.880	368.908
211210_BD294_yh2ax_dmso100_REPS1-2-3_46_R3D_D3D.dv	0	119.186	103.369	263.603
211210_BD294_yh2ax_dmso100_REPS1-2-3_46_R3D_D3D.dv	8	63.139	97.783	260.177
211210_BD294_yh2ax_dmso100_REPS1-2-3_46_R3D_D3D.dv	3	65.856	85.676	217.514
211210_BD294_yh2ax_dmso100_REPS1-2-3_47_R3D_D3D.dv	0	99.659	101.903	249.857
211210_BD294_yh2ax_dmso100_REPS1-2-3_47_R3D_D3D.dv	0	139.127	103.981	237.157
211210_BD294_yh2ax_dmso100_REPS1-2-3_47_R3D_D3D.dv	3	125.034	105.913	249.529
211210_BD294_yh2ax_dmso100_REPS1-2-3_47_R3D_D3D.dv	2	114.074	79.486	202.327
211210_BD294_yh2ax_dmso100_REPS1-2-3_47_R3D_D3D.dv	3	111.587	80.143	267.695
211210_BD294_yh2ax_dmso100_REPS1-2-3_47_R3D_D3D.dv	0	113.061	99.132	267.654
211210_BD294_yh2ax_dmso100_REPS1-2-3_47_R3D_D3D.dv	4	127.015	117.006	293.954
211210_BD294_yh2ax_dmso100_REPS1-2-3_47_R3D_D3D.dv	6	136.640	79.159	250.024
211210_BD294_yh2ax_dmso100_REPS1-2-3_47_R3D_D3D.dv	3	80.639	101.316	204.720
211210_BD294_yh2ax_dmso100_REPS1-2-3_47_R3D_D3D.dv	2	63.231	145.717	252.160
211210_BD294_yh2ax_dmso100_REPS1-2-3_47_R3D_D3D.dv	0	58.810	92.551	244.856
211210_BD294_yh2ax_dmso100_REPS1-2-3_47_R3D_D3D.dv	2	88.652	111.430	228.422
211210_BD294_yh2ax_dmso100_REPS1-2-3_47_R3D_D3D.dv	0	106.245	73.563	220.124
211210_BD294_yh2ax_dmso100_REPS1-2-3_47_R3D_D3D.dv	0	75.481	93.245	253.296
211210_BD294_yh2ax_dmso100_REPS1-2-3_47_R3D_D3D.dv	1	172.469	83.294	254.162
211210_BD294_yh2ax_dmso100_REPS1-2-3_47_R3D_D3D.dv	1	130.146	84.959	234.711
211210_BD294_yh2ax_dmso100_REPS1-2-3_47_R3D_D3D.dv	1	86.442	82.903	312.028
211210_BD294_yh2ax_dmso100_REPS1-2-3_47_R3D_D3D.dv	3	115.639	119.244	244.044
211210_BD294_yh2ax_dmso100_REPS1-2-3_47_R3D_D3D.dv	3	104.403	71.995	202.441
211210_BD294_yh2ax_dmso100_REPS1-2-3_47_R3D_D3D.dv	2	104.218	81.974	348.565
211210_BD294_yh2ax_dmso100_REPS1-2-3_47_R3D_D3D.dv	0	120.199	93.200	240.024
211210_BD294_yh2ax_dmso100_REPS1-2-3_47_R3D_D3D.dv	6	58.718	94.449	227.008
211210_BD294_yh2ax_dmso100_REPS1-2-3_48_R3D_D3D.dv	0	146.910	130.195	257.697
211210_BD294_yh2ax_dmso100_REPS1-2-3_48_R3D_D3D.dv	4	159.344	84.291	220.671
211210_BD294_yh2ax_dmso100_REPS1-2-3_48_R3D_D3D.dv	2	94.133	111.897	230.863
211210_BD294_yh2ax_dmso100_REPS1-2-3_48_R3D_D3D.dv	1	129.363	111.236	258.806
211210_BD294_yh2ax_dmso100_REPS1-2-3_48_R3D_D3D.dv	2	83.494	101.991	196.079
211210_BD294_yh2ax_dmso100_REPS1-2-3_48_R3D_D3D.dv	0	98.370	110.875	212.198
211210_BD294_yh2ax_dmso100_REPS1-2-3_48_R3D_D3D.dv	1	197.476	88.253	220.119
211210_BD294_yh2ax_dmso100_REPS1-2-3_48_R3D_D3D.dv	2	94.870	90.596	222.370
211210_BD294_yh2ax_dmso100_REPS1-2-3_48_R3D_D3D.dv	2	92.705	92.978	236.339
211210_BD294_yh2ax_dmso100_REPS1-2-3_48_R3D_D3D.dv	2	139.034	166.180	354.484
211210_BD294_yh2ax_dmso100_REPS1-2-3_48_R3D_D3D.dv	2	81.468	84.548	215.311
211210_BD294_yh2ax_dmso100_REPS1-2-3_48_R3D_D3D.dv	1	86.304	112.239	185.870
211210_BD294_yh2ax_dmso100_REPS1-2-3_48_R3D_D3D.dv	0	82.343	97.537	186.003
211210_BD294_yh2ax_dmso100_REPS1-2-3_48_R3D_D3D.dv	0	149.396	133.604	275.876
211210_BD294_yh2ax_dmso100_REPS1-2-3_48_R3D_D3D.dv	4	134.659	106.605	247.207
211210_BD294_yh2ax_dmso100_REPS1-2-3_48_R3D_D3D.dv	3	91.508	81.247	200.639
211210_BD294_yh2ax_dmso100_REPS1-2-3_48_R3D_D3D.dv	1	66.501	114.820	193.588
211210_BD294_yh2ax_dmso100_REPS1-2-3_48_R3D_D3D.dv	0	46.191	87.320	205.271
211210_BD294_yh2ax_dmso100_REPS1-2-3_49_R3D_D3D.dv	0	113.014	115.857	194.923
211210_BD294_yh2ax_dmso100_REPS1-2-3_49_R3D_D3D.dv	0	157.594	99.615	256.357
211210_BD294_yh2ax_dmso100_REPS1-2-3_49_R3D_D3D.dv	0	78.152	107.984	218.535
211210_BD294_yh2ax_dmso100_REPS1-2-3_49_R3D_D3D.dv	0	133.416	65.447	247.746
211210_BD294_yh2ax_dmso100_REPS1-2-3_49_R3D_D3D.dv	5	141.798	90.872	211.301
211210_BD294_yh2ax_dmso100_REPS1-2-3_49_R3D_D3D.dv	0	158.515	137.089	221.558
211210_BD294_yh2ax_dmso100_REPS1-2-3_49_R3D_D3D.dv	3	190.890	109.698	321.557
211210_BD294_yh2ax_dmso100_REPS1-2-3_49_R3D_D3D.dv	0	96.021	82.985	262.325
211210_BD294_yh2ax_dmso100_REPS1-2-3_49_R3D_D3D.dv	1	100.534	148.930	229.913
211210_BD294_yh2ax_dmso100_REPS1-2-3_49_R3D_D3D.dv	5	160.679	121.884	246.623
211210_BD294_yh2ax_dmso100_REPS1-2-3_49_R3D_D3D.dv	3	78.475	122.451	221.860
211210_BD294_yh2ax_dmso100_REPS1-2-3_49_R3D_D3D.dv	1	80.409	118.414	250.318
211210_BD294_yh2ax_dmso100_REPS1-2-3_49_R3D_D3D.dv	4	34.402	91.558	215.862
211210_BD294_yh2ax_dmso100_REPS1-2-3_50_R3D_D3D.dv	0	137.653	112.264	246.222
211210_BD294_yh2ax_dmso100_REPS1-2-3_50_R3D_D3D.dv	0	165.930	75.897	235.020
211210_BD294_yh2ax_dmso100_REPS1-2-3_50_R3D_D3D.dv	5	133.508	106.507	210.496
211210_BD294_yh2ax_dmso100_REPS1-2-3_50_R3D_D3D.dv	2	148.429	133.604	231.740
211210_BD294_yh2ax_dmso100_REPS1-2-3_50_R3D_D3D.dv	2	75.389	136.535	222.352
211210_BD294_yh2ax_dmso100_REPS1-2-3_50_R3D_D3D.dv	3	76.863	104.449	225.437
211210_BD294_yh2ax_dmso100_REPS1-2-3_50_R3D_D3D.dv	1	121.534	77.129	236.177
211210_BD294_yh2ax_dmso100_REPS1-2-3_50_R3D_D3D.dv	1	158.883	96.958	270.681
211210_BD294_yh2ax_dmso100_REPS1-2-3_50_R3D_D3D.dv	3	120.843	140.394	241.907
211210_BD294_yh2ax_dmso100_REPS1-2-3_50_R3D_D3D.dv	6	74.007	107.671	195.487
211210_BD294_yh2ax_dmso100_REPS1-2-3_50_R3D_D3D.dv	2	135.396	97.079	298.158
211210_BD294_yh2ax_dmso100_REPS1-2-3_50_R3D_D3D.dv	0	96.573	117.020	223.690
211210_BD294_yh2ax_dmso100_REPS1-2-3_50_R3D_D3D.dv	3	170.074	97.751	263.259
211210_BD294_yh2ax_dmso100_REPS1-2-3_50_R3D_D3D.dv	2	53.836	102.944	216.714
211210_BD294_yh2ax_dmso100_REPS1-2-3_50_R3D_D3D.dv	5	79.165	133.356	242.290
211210_BD294_yh2ax_dmso100_REPS1-2-3_50_R3D_D3D.dv	1	84.461	105.005	224.607
211210_BD294_yh2ax_dmso100_REPS1-2-3_50_R3D_D3D.dv	3	78.843	110.811	224.837
211210_BD294_yh2ax_dmso100_REPS1-2-3_50_R3D_D3D.dv	1	145.574	142.624	259.955
211210_BD294_yh2ax_dmso100_REPS1-2-3_50_R3D_D3D.dv	0	73.593	113.139	214.842
211210_BD294_yh2ax_dmso100_REPS1-2-3_50_R3D_D3D.dv	3	89.067	96.141	218.704
211210_BD294_yh2ax_dmso100_REPS1-2-3_50_R3D_D3D.dv	1	145.620	139.956	230.077
211210_BD294_yh2ax_dmso100_REPS1-2-3_50_R3D_D3D.dv	2	77.876	96.923	212.005
211210_BD294_yh2ax_dmso100_REPS1-2-3_50_R3D_D3D.dv	4	101.547	113.266	241.517
211210_BD294_yh2ax_dmso100_REPS1-2-3_50_R3D_D3D.dv	0	107.995	108.945	220.169
211210_BD294_yh2ax_dmso100_REPS1-2-3_50_R3D_D3D.dv	4	79.994	129.333	225.424
211210_BD294_yh2ax_dmso100_REPS1-2-3_50_R3D_D3D.dv	2	113.291	113.715	239.746
211210_BD294_yh2ax_dmso100_REPS1-2-3_50_R3D_D3D.dv	1	76.494	121.083	203.920
211210_BD294_yh2ax_dmso100_REPS1-2-3_50_R3D_D3D.dv	3	124.390	121.309	263.852
211210_BD294_yh2ax_dmso100_REPS1-2-3_51_R3D_D3D.dv	0	94.777	94.413	321.985
211210_BD294_yh2ax_dmso100_REPS1-2-3_51_R3D_D3D.dv	0	133.554	156.862	229.000
211210_BD294_yh2ax_dmso100_REPS1-2-3_51_R3D_D3D.dv	0	158.837	118.919	356.520
211210_BD294_yh2ax_dmso100_REPS1-2-3_51_R3D_D3D.dv	2	98.277	149.031	213.118
211210_BD294_yh2ax_dmso100_REPS1-2-3_51_R3D_D3D.dv	3	156.581	123.644	212.660
211210_BD294_yh2ax_dmso100_REPS1-2-3_51_R3D_D3D.dv	4	112.232	100.541	402.861
211210_BD294_yh2ax_dmso100_REPS1-2-3_51_R3D_D3D.dv	0	111.771	126.457	261.649
211210_BD294_yh2ax_dmso100_REPS1-2-3_51_R3D_D3D.dv	1	79.764	117.084	178.999
211210_BD294_yh2ax_dmso100_REPS1-2-3_51_R3D_D3D.dv	1	110.159	116.939	304.131
211210_BD294_yh2ax_dmso100_REPS1-2-3_51_R3D_D3D.dv	3	111.449	118.445	272.954
211210_BD294_yh2ax_dmso100_REPS1-2-3_51_R3D_D3D.dv	0	61.020	100.956	233.210
211210_BD294_yh2ax_dmso100_REPS1-2-3_51_R3D_D3D.dv	2	157.778	111.551	241.330
211210_BD294_yh2ax_dmso100_REPS1-2-3_51_R3D_D3D.dv	1	100.350	103.740	226.891
211210_BD294_yh2ax_dmso100_REPS1-2-3_51_R3D_D3D.dv	0	120.797	115.879	255.787
211210_BD294_yh2ax_dmso100_REPS1-2-3_51_R3D_D3D.dv	6	80.086	107.744	227.097
211210_BD294_yh2ax_dmso100_REPS1-2-3_51_R3D_D3D.dv	0	91.231	102.467	266.323
211210_BD294_yh2ax_dmso100_REPS1-2-3_51_R3D_D3D.dv	3	82.389	118.664	236.003
211210_BD294_yh2ax_dmso100_REPS1-2-3_51_R3D_D3D.dv	0	111.863	104.286	245.979
211210_BD294_yh2ax_dmso100_REPS1-2-3_51_R3D_D3D.dv	2	148.199	138.059	253.605
211210_BD294_yh2ax_dmso100_REPS1-2-3_51_R3D_D3D.dv	1	75.896	110.718	206.502
211210_BD294_yh2ax_dmso100_REPS1-2-3_51_R3D_D3D.dv	4	142.212	141.962	286.079
211210_BD294_yh2ax_dmso100_REPS1-2-3_51_R3D_D3D.dv	3	120.337	153.972	238.561
211210_BD294_yh2ax_dmso100_REPS1-2-3_52_R3D_D3D.dv	5	164.272	130.945	260.013
211210_BD294_yh2ax_dmso100_REPS1-2-3_52_R3D_D3D.dv	1	93.764	137.581	193.386
211210_BD294_yh2ax_dmso100_REPS1-2-3_52_R3D_D3D.dv	1	107.350	129.556	193.403
211210_BD294_yh2ax_dmso100_REPS1-2-3_52_R3D_D3D.dv	4	134.659	110.862	274.443
211210_BD294_yh2ax_dmso100_REPS1-2-3_52_R3D_D3D.dv	0	118.080	150.293	176.468
211210_BD294_yh2ax_dmso100_REPS1-2-3_52_R3D_D3D.dv	4	137.054	216.530	248.977
211210_BD294_yh2ax_dmso100_REPS1-2-3_52_R3D_D3D.dv	4	187.759	122.405	269.659
211210_BD294_yh2ax_dmso100_REPS1-2-3_52_R3D_D3D.dv	0	78.659	140.354	277.402
211210_BD294_yh2ax_dmso100_REPS1-2-3_52_R3D_D3D.dv	0	78.382	151.695	254.536
211210_BD294_yh2ax_dmso100_REPS1-2-3_52_R3D_D3D.dv	0	76.264	134.520	193.428
211210_BD294_yh2ax_dmso100_REPS1-2-3_52_R3D_D3D.dv	1	86.027	120.142	269.655
211210_BD294_yh2ax_dmso100_REPS1-2-3_52_R3D_D3D.dv	1	69.955	161.269	208.369
211210_BD294_yh2ax_dmso100_REPS1-2-3_52_R3D_D3D.dv	2	162.890	163.801	222.419
211210_BD294_yh2ax_dmso100_REPS1-2-3_52_R3D_D3D.dv	1	50.336	128.971	199.112
211210_BD294_yh2ax_dmso100_REPS1-2-3_52_R3D_D3D.dv	2	134.291	125.385	266.202
211210_BD294_yh2ax_dmso100_REPS1-2-3_52_R3D_D3D.dv	1	73.547	128.222	191.735
211210_BD294_yh2ax_dmso100_REPS1-2-3_52_R3D_D3D.dv	2	144.469	178.788	227.798
211210_BD294_yh2ax_dmso100_REPS1-2-3_52_R3D_D3D.dv	3	84.415	144.774	262.956
211210_BD294_yh2ax_dmso100_REPS1-2-3_52_R3D_D3D.dv	1	89.067	149.171	337.293
211210_BD294_yh2ax_dmso100_REPS1-2-3_52_R3D_D3D.dv	0	83.448	143.166	190.427
211210_BD294_yh2ax_dmso100_REPS1-2-3_52_R3D_D3D.dv	0	111.403	134.221	182.079
211210_BD294_yh2ax_dmso100_REPS1-2-3_52_R3D_D3D.dv	2	159.206	143.037	235.149
211210_BD294_yh2ax_dmso100_REPS1-2-3_52_R3D_D3D.dv	3	118.587	223.235	260.640
211210_BD294_yh2ax_dmso100_REPS1-2-3_53_R3D_D3D.dv	0	92.889	185.384	177.434
211210_BD294_yh2ax_dmso100_REPS1-2-3_53_R3D_D3D.dv	0	81.652	162.076	185.916
211210_BD294_yh2ax_dmso100_REPS1-2-3_53_R3D_D3D.dv	0	114.258	174.913	269.299
211210_BD294_yh2ax_dmso100_REPS1-2-3_53_R3D_D3D.dv	2	75.757	158.056	241.629
211210_BD294_yh2ax_dmso100_REPS1-2-3_53_R3D_D3D.dv	4	88.422	149.456	266.617
211210_BD294_yh2ax_dmso100_REPS1-2-3_53_R3D_D3D.dv	3	73.915	135.232	217.604
211210_BD294_yh2ax_dmso100_REPS1-2-3_53_R3D_D3D.dv	0	146.679	184.636	223.086
211210_BD294_yh2ax_dmso100_REPS1-2-3_53_R3D_D3D.dv	2	74.376	159.536	194.884
211210_BD294_yh2ax_dmso100_REPS1-2-3_53_R3D_D3D.dv	0	77.876	158.801	234.390
211210_BD294_yh2ax_dmso100_REPS1-2-3_53_R3D_D3D.dv	1	158.515	182.897	262.673
211210_BD294_yh2ax_dmso100_REPS1-2-3_53_R3D_D3D.dv	6	90.264	149.990	190.478
211210_BD294_yh2ax_dmso100_REPS1-2-3_53_R3D_D3D.dv	0	167.403	154.076	266.892
211210_BD294_yh2ax_dmso100_REPS1-2-3_53_R3D_D3D.dv	3	99.152	144.322	214.047
211210_BD294_yh2ax_dmso100_REPS1-2-3_53_R3D_D3D.dv	0	73.777	169.501	207.673
211210_BD294_yh2ax_dmso100_REPS1-2-3_53_R3D_D3D.dv	0	89.159	135.678	220.225
211210_BD294_yh2ax_dmso100_REPS1-2-3_53_R3D_D3D.dv	1	107.949	144.156	215.322
211210_BD294_yh2ax_dmso100_REPS1-2-3_53_R3D_D3D.dv	1	86.672	151.246	235.941
211210_BD294_yh2ax_dmso100_REPS1-2-3_53_R3D_D3D.dv	2	114.811	144.077	472.557
211210_BD294_yh2ax_dmso100_REPS1-2-3_53_R3D_D3D.dv	1	118.172	161.940	237.509
211210_BD294_yh2ax_dmso100_REPS1-2-3_54_R3D_D3D.dv	0	105.231	171.199	227.119
211210_BD294_yh2ax_dmso100_REPS1-2-3_54_R3D_D3D.dv	2	93.119	134.760	194.949
211210_BD294_yh2ax_dmso100_REPS1-2-3_54_R3D_D3D.dv	0	80.823	157.857	258.217
211210_BD294_yh2ax_dmso100_REPS1-2-3_54_R3D_D3D.dv	4	188.956	187.295	252.346
211210_BD294_yh2ax_dmso100_REPS1-2-3_54_R3D_D3D.dv	2	118.633	110.269	202.073
211210_BD294_yh2ax_dmso100_REPS1-2-3_54_R3D_D3D.dv	0	97.356	136.398	198.955
211210_BD294_yh2ax_dmso100_REPS1-2-3_54_R3D_D3D.dv	0	96.988	132.051	206.465
211210_BD294_yh2ax_dmso100_REPS1-2-3_54_R3D_D3D.dv	0	92.613	146.186	215.724
211210_BD294_yh2ax_dmso100_REPS1-2-3_54_R3D_D3D.dv	0	67.560	174.320	255.849
211210_BD294_yh2ax_dmso100_REPS1-2-3_54_R3D_D3D.dv	2	147.923	136.351	203.398
211210_BD294_yh2ax_dmso100_REPS1-2-3_54_R3D_D3D.dv	0	166.758	212.979	261.999
211210_BD294_yh2ax_dmso100_REPS1-2-3_54_R3D_D3D.dv	4	105.278	153.621	190.625
211210_BD294_yh2ax_dmso100_REPS1-2-3_54_R3D_D3D.dv	0	94.041	168.593	181.381
211210_BD294_yh2ax_dmso100_REPS1-2-3_54_R3D_D3D.dv	0	128.258	181.944	194.153
211210_BD294_yh2ax_dmso100_REPS1-2-3_54_R3D_D3D.dv	0	95.929	163.288	201.366
211210_BD294_yh2ax_dmso100_REPS1-2-3_54_R3D_D3D.dv	0	90.356	187.835	246.007
211210_BD294_yh2ax_dmso100_REPS1-2-3_54_R3D_D3D.dv	3	82.021	206.878	308.504
211210_BD294_yh2ax_dmso100_REPS1-2-3_54_R3D_D3D.dv	7	87.962	152.395	218.597
211210_BD294_yh2ax_dmso100_REPS1-2-3_54_R3D_D3D.dv	2	117.390	179.997	227.435
211210_BD294_yh2ax_dmso100_REPS1-2-3_54_R3D_D3D.dv	2	98.231	183.180	239.404
211210_BD294_yh2ax_dmso100_REPS1-2-3_54_R3D_D3D.dv	1	85.198	151.735	212.434
211210_BD294_yh2ax_dmso100_REPS1-2-3_54_R3D_D3D.dv	0	118.403	146.420	237.389
211210_BD294_yh2ax_dmso100_REPS1-2-3_54_R3D_D3D.dv	5	58.948	167.487	195.912
211210_BD294_yh2ax_dmso100_REPS1-2-3_54_R3D_D3D.dv	0	104.725	195.217	185.258
211210_BD294_yh2ax_dmso100_REPS1-2-3_54_R3D_D3D.dv	0	128.719	211.644	244.521
211210_BD294_yh2ax_dmso100_REPS1-2-3_55_R3D_D3D.dv	0	64.290	138.087	198.900
211210_BD294_yh2ax_dmso100_REPS1-2-3_55_R3D_D3D.dv	0	84.231	153.253	211.108
211210_BD294_yh2ax_dmso100_REPS1-2-3_55_R3D_D3D.dv	0	144.791	185.564	230.341
211210_BD294_yh2ax_dmso100_REPS1-2-3_55_R3D_D3D.dv	0	108.824	158.802	221.302
211210_BD294_yh2ax_dmso100_REPS1-2-3_55_R3D_D3D.dv	0	148.475	162.005	290.041
211210_BD294_yh2ax_dmso100_REPS1-2-3_55_R3D_D3D.dv	0	129.409	180.965	216.028
211210_BD294_yh2ax_dmso100_REPS1-2-3_55_R3D_D3D.dv	0	105.324	137.913	237.952
211210_BD294_yh2ax_dmso100_REPS1-2-3_55_R3D_D3D.dv	0	94.087	161.754	243.269
211210_BD294_yh2ax_dmso100_REPS1-2-3_55_R3D_D3D.dv	0	150.686	258.156	280.521
211210_BD294_yh2ax_dmso100_REPS1-2-3_55_R3D_D3D.dv	1	75.343	151.961	228.303
211210_BD294_yh2ax_dmso100_REPS1-2-3_55_R3D_D3D.dv	0	81.836	155.367	202.205
211210_BD294_yh2ax_dmso100_REPS1-2-3_55_R3D_D3D.dv	5	82.804	187.458	238.314
211210_BD294_yh2ax_dmso100_REPS1-2-3_55_R3D_D3D.dv	0	62.264	205.518	212.037
211210_BD294_yh2ax_dmso100_REPS1-2-3_55_R3D_D3D.dv	5	146.081	212.909	249.880
211210_BD294_yh2ax_dmso100_REPS1-2-3_55_R3D_D3D.dv	2	122.501	149.919	282.182
211210_BD294_yh2ax_dmso100_REPS1-2-3_55_R3D_D3D.dv	1	126.969	174.462	235.030
211210_BD294_yh2ax_dmso100_REPS1-2-3_55_R3D_D3D.dv	1	107.166	192.063	191.896
211210_BD294_yh2ax_dmso100_REPS1-2-3_55_R3D_D3D.dv	0	166.022	159.381	293.242
211210_BD294_yh2ax_dmso100_REPS1-2-3_55_R3D_D3D.dv	0	117.205	162.047	279.215
211210_BD294_yh2ax_dmso100_REPS1-2-3_55_R3D_D3D.dv	0	140.140	161.500	236.436
211210_BD294_yh2ax_dmso100_REPS1-2-3_55_R3D_D3D.dv	6	93.442	159.787	183.502
211210_BD294_yh2ax_dmso100_REPS1-2-3_55_R3D_D3D.dv	10	83.034	212.544	268.154
211210_BD294_yh2ax_dmso100_REPS1-2-3_55_R3D_D3D.dv	2	66.224	168.968	260.716
211210_BD294_yh2ax_dmso100_REPS1-2-3_55_R3D_D3D.dv	0	108.778	187.130	168.894
211210_BD294_yh2ax_dmso100_REPS1-2-3_55_R3D_D3D.dv	7	96.896	206.851	235.594
211210_BD294_yh2ax_dmso100_REPS1-2-3_55_R3D_D3D.dv	3	25.375	176.216	182.991
211210_BD294_yh2ax_dmso100_REPS1-2-3_55_R3D_D3D.dv	3	62.817	212.307	180.672
211210_BD294_yh2ax_dmso100_REPS1-2-3_56_R3D_D3D.dv	0	87.777	141.177	341.843
211210_BD294_yh2ax_dmso100_REPS1-2-3_56_R3D_D3D.dv	1	127.705	149.597	278.486
211210_BD294_yh2ax_dmso100_REPS1-2-3_56_R3D_D3D.dv	2	77.922	168.124	271.577
211210_BD294_yh2ax_dmso100_REPS1-2-3_56_R3D_D3D.dv	4	116.653	119.191	369.391
211210_BD294_yh2ax_dmso100_REPS1-2-3_56_R3D_D3D.dv	0	90.587	128.295	236.496
211210_BD294_yh2ax_dmso100_REPS1-2-3_56_R3D_D3D.dv	4	156.120	134.281	296.778
211210_BD294_yh2ax_dmso100_REPS1-2-3_56_R3D_D3D.dv	4	116.561	173.146	455.679
211210_BD294_yh2ax_dmso100_REPS1-2-3_56_R3D_D3D.dv	1	96.896	100.358	307.053
211210_BD294_yh2ax_dmso100_REPS1-2-3_56_R3D_D3D.dv	0	82.205	126.373	223.469
211210_BD294_yh2ax_dmso100_REPS1-2-3_56_R3D_D3D.dv	4	153.265	211.222	360.714
211210_BD294_yh2ax_dmso100_REPS1-2-3_56_R3D_D3D.dv	1	148.061	198.212	328.307
211210_BD294_yh2ax_dmso100_REPS1-2-3_56_R3D_D3D.dv	6	120.153	147.905	397.240
211210_BD294_yh2ax_dmso100_REPS1-2-3_56_R3D_D3D.dv	0	109.054	122.929	274.703
211210_BD294_yh2ax_dmso100_REPS1-2-3_56_R3D_D3D.dv	3	116.376	118.213	404.885
211210_BD294_yh2ax_dmso100_REPS1-2-3_56_R3D_D3D.dv	0	84.231	149.068	297.617
211210_BD294_yh2ax_dmso100_REPS1-2-3_56_R3D_D3D.dv	2	127.751	241.141	293.324
211210_BD294_yh2ax_dmso100_REPS1-2-3_56_R3D_D3D.dv	2	93.212	157.916	326.611
211210_BD294_yh2ax_dmso100_REPS1-2-3_56_R3D_D3D.dv	0	80.363	146.201	243.979
211210_BD294_yh2ax_dmso100_REPS1-2-3_56_R3D_D3D.dv	2	127.475	188.053	260.460
211210_BD294_yh2ax_dmso100_REPS1-2-3_56_R3D_D3D.dv	0	86.304	147.948	208.533
211210_BD294_yh2ax_dmso100_REPS1-2-3_56_R3D_D3D.dv	1	68.619	170.107	224.293
211210_BD294_yh2ax_dmso100_REPS1-2-3_56_R3D_D3D.dv	1	87.731	178.581	227.788
211210_BD294_yh2ax_dmso100_REPS1-2-3_56_R3D_D3D.dv	1	74.192	154.736	201.936
211210_BD294_yh2ax_dmso100_REPS1-2-3_56_R3D_D3D.dv	1	82.665	132.457	199.114
211210_BD294_yh2ax_dmso100_REPS1-2-3_57_R3D_D3D.dv	0	99.659	108.822	212.909
211210_BD294_yh2ax_dmso100_REPS1-2-3_57_R3D_D3D.dv	1	100.350	101.560	312.732
211210_BD294_yh2ax_dmso100_REPS1-2-3_57_R3D_D3D.dv	0	98.830	115.740	184.558
211210_BD294_yh2ax_dmso100_REPS1-2-3_57_R3D_D3D.dv	0	123.607	88.484	209.143
211210_BD294_yh2ax_dmso100_REPS1-2-3_57_R3D_D3D.dv	0	106.106	115.655	223.950
211210_BD294_yh2ax_dmso100_REPS1-2-3_57_R3D_D3D.dv	3	106.106	168.637	228.206
211210_BD294_yh2ax_dmso100_REPS1-2-3_57_R3D_D3D.dv	2	138.113	163.251	257.204
211210_BD294_yh2ax_dmso100_REPS1-2-3_57_R3D_D3D.dv	3	140.002	144.684	272.606
211210_BD294_yh2ax_dmso100_REPS1-2-3_57_R3D_D3D.dv	1	142.903	133.063	234.610
211210_BD294_yh2ax_dmso100_REPS1-2-3_57_R3D_D3D.dv	0	132.311	110.675	219.910
211210_BD294_yh2ax_dmso100_REPS1-2-3_57_R3D_D3D.dv	0	106.889	109.240	208.878
211210_BD294_yh2ax_dmso100_REPS1-2-3_57_R3D_D3D.dv	0	100.626	144.968	213.227
211210_BD294_yh2ax_dmso100_REPS1-2-3_57_R3D_D3D.dv	1	80.501	141.122	214.156
211210_BD294_yh2ax_dmso100_REPS1-2-3_57_R3D_D3D.dv	1	102.606	135.813	253.022
211210_BD294_yh2ax_dmso100_REPS1-2-3_57_R3D_D3D.dv	1	135.719	142.075	212.343
211210_BD294_yh2ax_dmso100_REPS1-2-3_57_R3D_D3D.dv	0	63.185	131.807	182.842
211210_BD294_yh2ax_dmso100_REPS1-2-3_57_R3D_D3D.dv	6	160.956	170.696	376.676
211210_BD294_yh2ax_dmso100_REPS1-2-3_57_R3D_D3D.dv	1	92.935	125.188	220.330
211210_BD294_yh2ax_dmso100_REPS1-2-3_57_R3D_D3D.dv	1	97.080	100.436	271.186
211210_BD294_yh2ax_dmso100_REPS1-2-3_58_R3D_D3D.dv	1	92.889	154.429	263.564
211210_BD294_yh2ax_dmso100_REPS1-2-3_58_R3D_D3D.dv	3	129.225	114.687	233.720
211210_BD294_yh2ax_dmso100_REPS1-2-3_58_R3D_D3D.dv	3	111.357	137.309	259.933
211210_BD294_yh2ax_dmso100_REPS1-2-3_58_R3D_D3D.dv	1	82.159	121.078	228.295
211210_BD294_yh2ax_dmso100_REPS1-2-3_58_R3D_D3D.dv	1	126.830	143.708	235.740
211210_BD294_yh2ax_dmso100_REPS1-2-3_58_R3D_D3D.dv	1	115.916	89.529	230.071
211210_BD294_yh2ax_dmso100_REPS1-2-3_58_R3D_D3D.dv	0	94.870	106.988	202.408
211210_BD294_yh2ax_dmso100_REPS1-2-3_58_R3D_D3D.dv	1	142.442	140.501	228.284
211210_BD294_yh2ax_dmso100_REPS1-2-3_58_R3D_D3D.dv	1	82.159	136.865	207.025
211210_BD294_yh2ax_dmso100_REPS1-2-3_58_R3D_D3D.dv	0	107.074	102.787	196.575
211210_BD294_yh2ax_dmso100_REPS1-2-3_58_R3D_D3D.dv	1	102.284	105.462	208.093
211210_BD294_yh2ax_dmso100_REPS1-2-3_58_R3D_D3D.dv	1	84.508	127.221	224.120
211210_BD294_yh2ax_dmso100_REPS1-2-3_58_R3D_D3D.dv	0	157.318	87.945	190.311
211210_BD294_yh2ax_dmso100_REPS1-2-3_58_R3D_D3D.dv	4	111.771	144.239	262.068
211210_BD294_yh2ax_dmso100_REPS1-2-3_58_R3D_D3D.dv	1	148.475	198.620	272.635
211210_BD294_yh2ax_dmso100_REPS1-2-3_58_R3D_D3D.dv	3	112.047	136.857	231.382
211210_BD294_yh2ax_dmso100_REPS1-2-3_58_R3D_D3D.dv	0	79.994	133.672	192.869
211210_BD294_yh2ax_dmso100_REPS1-2-3_58_R3D_D3D.dv	0	74.652	133.438	182.800
211210_BD294_yh2ax_dmso100_REPS1-2-3_58_R3D_D3D.dv	2	122.225	106.087	261.241
211210_BD294_yh2ax_dmso100_REPS1-2-3_58_R3D_D3D.dv	2	115.363	124.535	207.832
211210_BD294_yh2ax_dmso100_REPS1-2-3_59_R3D_D3D.dv	0	72.119	94.089	266.605
211210_BD294_yh2ax_dmso100_REPS1-2-3_59_R3D_D3D.dv	0	163.351	123.726	291.832
211210_BD294_yh2ax_dmso100_REPS1-2-3_59_R3D_D3D.dv	0	139.771	134.479	305.262
211210_BD294_yh2ax_dmso100_REPS1-2-3_59_R3D_D3D.dv	4	136.041	137.393	312.734
211210_BD294_yh2ax_dmso100_REPS1-2-3_59_R3D_D3D.dv	5	86.073	99.803	222.302
211210_BD294_yh2ax_dmso100_REPS1-2-3_59_R3D_D3D.dv	7	116.791	126.582	293.406
211210_BD294_yh2ax_dmso100_REPS1-2-3_59_R3D_D3D.dv	2	93.580	121.036	281.864
211210_BD294_yh2ax_dmso100_REPS1-2-3_59_R3D_D3D.dv	3	98.508	142.387	264.839
211210_BD294_yh2ax_dmso100_REPS1-2-3_59_R3D_D3D.dv	4	139.956	185.218	422.401
211210_BD294_yh2ax_dmso100_REPS1-2-3_59_R3D_D3D.dv	3	64.705	127.573	228.647
211210_BD294_yh2ax_dmso100_REPS1-2-3_59_R3D_D3D.dv	3	84.047	120.215	260.379
211210_BD294_yh2ax_dmso100_REPS1-2-3_59_R3D_D3D.dv	1	83.863	119.815	258.072
211210_BD294_yh2ax_dmso100_REPS1-2-3_59_R3D_D3D.dv	2	72.165	122.662	244.631
211210_BD294_yh2ax_dmso100_REPS1-2-3_59_R3D_D3D.dv	2	72.350	107.300	223.498
211210_BD294_yh2ax_dmso100_REPS1-2-3_59_R3D_D3D.dv	3	106.567	123.744	285.112
211210_BD294_yh2ax_dmso100_REPS1-2-3_59_R3D_D3D.dv	1	58.165	128.393	202.909
211210_BD294_yh2ax_dmso100_REPS1-2-3_59_R3D_D3D.dv	4	120.982	124.861	249.952
211210_BD294_yh2ax_dmso100_REPS1-2-3_59_R3D_D3D.dv	0	81.146	104.946	221.281
211210_BD294_yh2ax_dmso100_REPS1-2-3_59_R3D_D3D.dv	3	127.291	142.002	243.681
211210_BD294_yh2ax_dmso100_REPS1-2-3_59_R3D_D3D.dv	0	127.245	127.690	243.246
211210_BD294_yh2ax_dmso100_REPS1-2-3_59_R3D_D3D.dv	3	91.554	96.934	272.080
211210_BD294_yh2ax_dmso100_REPS1-2-3_59_R3D_D3D.dv	6	77.922	99.476	220.538
211210_BD294_yh2ax_dmso100_REPS1-2-3_60_R3D_D3D.dv	0	188.403	117.421	205.314
211210_BD294_yh2ax_dmso100_REPS1-2-3_60_R3D_D3D.dv	0	67.606	86.982	218.995
211210_BD294_yh2ax_dmso100_REPS1-2-3_60_R3D_D3D.dv	0	142.212	73.885	194.920
211210_BD294_yh2ax_dmso100_REPS1-2-3_60_R3D_D3D.dv	0	128.626	147.159	225.097
211210_BD294_yh2ax_dmso100_REPS1-2-3_60_R3D_D3D.dv	0	166.712	101.672	231.231
211210_BD294_yh2ax_dmso100_REPS1-2-3_60_R3D_D3D.dv	0	138.620	118.584	260.127
211210_BD294_yh2ax_dmso100_REPS1-2-3_60_R3D_D3D.dv	0	122.041	129.328	237.202
211210_BD294_yh2ax_dmso100_REPS1-2-3_60_R3D_D3D.dv	0	116.837	117.584	232.831
211210_BD294_yh2ax_dmso100_REPS1-2-3_60_R3D_D3D.dv	0	67.238	89.263	205.404
211210_BD294_yh2ax_dmso100_REPS1-2-3_60_R3D_D3D.dv	0	99.659	137.644	242.990
211210_BD294_yh2ax_dmso100_REPS1-2-3_60_R3D_D3D.dv	0	68.665	111.499	272.398
211210_BD294_yh2ax_dmso100_REPS1-2-3_60_R3D_D3D.dv	2	112.508	204.278	274.836
211210_BD294_yh2ax_dmso100_REPS1-2-3_60_R3D_D3D.dv	2	61.849	101.503	243.120
211210_BD294_yh2ax_dmso100_REPS1-2-3_60_R3D_D3D.dv	2	115.686	130.924	246.620
211210_BD294_yh2ax_dmso100_REPS1-2-3_60_R3D_D3D.dv	5	69.724	96.428	232.350
211210_BD294_yh2ax_dmso100_REPS1-2-3_60_R3D_D3D.dv	1	108.732	127.575	269.238
211210_BD294_yh2ax_dmso100_REPS1-2-3_60_R3D_D3D.dv	2	83.126	102.507	205.216
211210_BD294_yh2ax_dmso100_REPS1-2-3_60_R3D_D3D.dv	3	87.317	87.429	215.484
211210_BD294_yh2ax_dmso100_REPS1-2-3_60_R3D_D3D.dv	1	58.764	119.314	196.463
211210_BD294_yh2ax_dmso100_REPS1-2-3_60_R3D_D3D.dv	0	68.389	89.094	223.281
211210_BD294_yh2ax_dmso100_REPS1-2-3_60_R3D_D3D.dv	3	125.909	185.026	349.828
211210_BD294_yh2ax_dmso100_REPS1-2-3_60_R3D_D3D.dv	1	133.186	126.825	264.529
211210_BD294_yh2ax_dmso100_REPS1-2-3_60_R3D_D3D.dv	2	114.212	105.373	264.728
211210_BD294_yh2ax_dmso100_REPS1-2-3_60_R3D_D3D.dv	1	103.758	129.715	226.992
211210_BD294_yh2ax_dmso100_REPS1-2-3_60_R3D_D3D.dv	0	138.113	177.439	282.488
211210_BD294_yh2ax_dmso100_REPS1-2-3_60_R3D_D3D.dv	0	54.205	95.862	189.254
211210_BD294_yh2ax_dmso100_REPS1-2-3_61_R3D_D3D.dv	2	119.600	103.914	321.787
211210_BD294_yh2ax_dmso100_REPS1-2-3_61_R3D_D3D.dv	4	134.521	86.701	315.933
211210_BD294_yh2ax_dmso100_REPS1-2-3_61_R3D_D3D.dv	0	93.166	83.937	234.913
211210_BD294_yh2ax_dmso100_REPS1-2-3_61_R3D_D3D.dv	0	87.317	85.251	240.918
211210_BD294_yh2ax_dmso100_REPS1-2-3_61_R3D_D3D.dv	1	88.146	94.436	293.130
211210_BD294_yh2ax_dmso100_REPS1-2-3_61_R3D_D3D.dv	2	89.527	100.546	274.892
211210_BD294_yh2ax_dmso100_REPS1-2-3_61_R3D_D3D.dv	0	90.080	81.499	309.287
211210_BD294_yh2ax_dmso100_REPS1-2-3_61_R3D_D3D.dv	0	145.436	66.762	230.612
211210_BD294_yh2ax_dmso100_REPS1-2-3_61_R3D_D3D.dv	0	85.106	88.580	218.047
211210_BD294_yh2ax_dmso100_REPS1-2-3_61_R3D_D3D.dv	3	191.857	63.310	385.592
211210_BD294_yh2ax_dmso100_REPS1-2-3_61_R3D_D3D.dv	0	165.423	93.205	251.893
211210_BD294_yh2ax_dmso100_REPS1-2-3_61_R3D_D3D.dv	1	121.626	74.809	359.295
211210_BD294_yh2ax_dmso100_REPS1-2-3_62_R3D_D3D.dv	1	83.264	83.067	216.935
211210_BD294_yh2ax_dmso100_REPS1-2-3_62_R3D_D3D.dv	0	80.086	100.659	182.366
211210_BD294_yh2ax_dmso100_REPS1-2-3_62_R3D_D3D.dv	1	126.370	106.255	220.097
211210_BD294_yh2ax_dmso100_REPS1-2-3_62_R3D_D3D.dv	2	96.113	88.102	217.785
211210_BD294_yh2ax_dmso100_REPS1-2-3_62_R3D_D3D.dv	6	117.205	89.501	289.085
211210_BD294_yh2ax_dmso100_REPS1-2-3_63_R3D_D3D.dv	0	102.837	103.556	293.538
211210_BD294_yh2ax_dmso100_REPS1-2-3_63_R3D_D3D.dv	6	156.350	96.053	221.493
211210_BD294_yh2ax_dmso100_REPS1-2-3_63_R3D_D3D.dv	1	74.376	104.457	222.913
211210_BD294_yh2ax_dmso100_REPS1-2-3_63_R3D_D3D.dv	2	87.133	97.338	174.358
211210_BD294_yh2ax_dmso100_REPS1-2-3_63_R3D_D3D.dv	0	88.008	91.757	199.788
211210_BD294_yh2ax_dmso100_REPS1-2-3_63_R3D_D3D.dv	0	106.935	81.794	213.952
211210_BD294_yh2ax_dmso100_REPS1-2-3_63_R3D_D3D.dv	2	168.601	96.474	215.517
211210_BD294_yh2ax_dmso100_REPS1-2-3_63_R3D_D3D.dv	3	93.994	82.629	280.107
211210_BD294_yh2ax_dmso100_REPS1-2-3_63_R3D_D3D.dv	1	77.507	82.788	206.501
211210_BD294_yh2ax_dmso100_REPS1-2-3_63_R3D_D3D.dv	1	104.955	74.421	233.323
211210_BD294_yh2ax_dmso100_REPS1-2-3_63_R3D_D3D.dv	1	98.784	95.601	227.662
211210_BD294_yh2ax_dmso100_REPS1-2-3_63_R3D_D3D.dv	1	73.639	101.253	302.380
211210_BD294_yh2ax_dmso100_REPS1-2-3_63_R3D_D3D.dv	1	116.975	81.195	189.441
211210_BD294_yh2ax_dmso100_REPS1-2-3_63_R3D_D3D.dv	0	130.330	141.345	256.597
211210_BD294_yh2ax_dmso100_REPS1-2-3_63_R3D_D3D.dv	1	139.127	129.977	319.566
211210_BD294_yh2ax_dmso100_REPS1-2-3_63_R3D_D3D.dv	6	73.593	80.411	183.422
211210_BD294_yh2ax_dmso100_REPS1-2-3_63_R3D_D3D.dv	0	162.614	101.257	257.455
211210_BD294_yh2ax_dmso100_REPS1-2-3_63_R3D_D3D.dv	6	87.040	81.534	215.828
211210_BD294_yh2ax_dmso100_REPS1-2-3_63_R3D_D3D.dv	3	93.810	93.894	232.658
211210_BD294_yh2ax_dmso100_REPS1-2-3_63_R3D_D3D.dv	2	114.120	89.919	239.965
211210_BD294_yh2ax_dmso100_REPS1-2-3_63_R3D_D3D.dv	4	62.770	88.362	187.152
211210_BD294_yh2ax_dmso100_REPS1-2-3_63_R3D_D3D.dv	0	136.225	80.491	212.114
211210_BD294_yh2ax_dmso100_REPS1-2-3_63_R3D_D3D.dv	2	84.508	92.272	201.596
211210_BD294_yh2ax_dmso100_REPS1-2-3_63_R3D_D3D.dv	0	96.389	76.409	211.436
211210_BD294_yh2ax_dmso100_REPS1-2-3_63_R3D_D3D.dv	1	131.528	100.348	257.839
211210_BD294_yh2ax_dmso100_REPS1-2-3_63_R3D_D3D.dv	8	73.823	95.770	213.963
