filename	num_maxima	area	dapi	yh2ax
211210_BD294_yh2ax_CIS100_NCS100_BRQ100_REPS1-2-3_141_R3D_D3D.dv	11	298.471	263.658	327.690
211210_BD294_yh2ax_CIS100_NCS100_BRQ100_REPS1-2-3_141_R3D_D3D.dv	3	151.883	241.532	390.117
211210_BD294_yh2ax_CIS100_NCS100_BRQ100_REPS1-2-3_141_R3D_D3D.dv	1	307.082	246.353	258.807
211210_BD294_yh2ax_CIS100_NCS100_BRQ100_REPS1-2-3_141_R3D_D3D.dv	7	297.227	236.094	304.616
211210_BD294_yh2ax_CIS100_NCS100_BRQ100_REPS1-2-3_141_R3D_D3D.dv	16	300.128	238.709	424.341
211210_BD294_yh2ax_CIS100_NCS100_BRQ100_REPS1-2-3_141_R3D_D3D.dv	2	240.950	219.474	290.562
211210_BD294_yh2ax_CIS100_NCS100_BRQ100_REPS1-2-3_142_R3D_D3D.dv	6	165.791	387.168	307.414
211210_BD294_yh2ax_CIS100_NCS100_BRQ100_REPS1-2-3_142_R3D_D3D.dv	0	264.575	295.632	257.663
211210_BD294_yh2ax_CIS100_NCS100_BRQ100_REPS1-2-3_142_R3D_D3D.dv	8	181.956	204.901	302.074
211210_BD294_yh2ax_CIS100_NCS100_BRQ100_REPS1-2-3_142_R3D_D3D.dv	5	105.646	199.245	288.067
211210_BD294_yh2ax_CIS100_NCS100_BRQ100_REPS1-2-3_142_R3D_D3D.dv	7	243.575	325.948	387.871
211210_BD294_yh2ax_CIS100_NCS100_BRQ100_REPS1-2-3_142_R3D_D3D.dv	8	212.075	321.753	399.108
211210_BD294_yh2ax_CIS100_NCS100_BRQ100_REPS1-2-3_143_R3D_D3D.dv	5	279.589	302.194	428.216
211210_BD294_yh2ax_CIS100_NCS100_BRQ100_REPS1-2-3_143_R3D_D3D.dv	9	359.859	244.524	319.968
211210_BD294_yh2ax_CIS100_NCS100_BRQ100_REPS1-2-3_143_R3D_D3D.dv	20	336.510	199.435	579.070
211210_BD294_yh2ax_CIS100_NCS100_BRQ100_REPS1-2-3_144_R3D_D3D.dv	5	356.544	204.772	340.382
211210_BD294_yh2ax_CIS100_NCS100_BRQ100_REPS1-2-3_144_R3D_D3D.dv	10	393.893	151.454	283.825
211210_BD294_yh2ax_CIS100_NCS100_BRQ100_REPS1-2-3_144_R3D_D3D.dv	3	311.181	275.754	388.965
211210_BD294_yh2ax_CIS100_NCS100_BRQ100_REPS1-2-3_145_R3D_D3D.dv	10	289.536	257.000	524.540
211210_BD294_yh2ax_CIS100_NCS100_BRQ100_REPS1-2-3_145_R3D_D3D.dv	0	255.457	309.896	254.803
211210_BD294_yh2ax_CIS100_NCS100_BRQ100_REPS1-2-3_146_R3D_D3D.dv	8	294.510	274.441	299.899
211210_BD294_yh2ax_CIS100_NCS100_BRQ100_REPS1-2-3_146_R3D_D3D.dv	2	252.233	287.372	345.239
211210_BD294_yh2ax_CIS100_NCS100_BRQ100_REPS1-2-3_146_R3D_D3D.dv	6	263.148	233.619	365.227
211210_BD294_yh2ax_CIS100_NCS100_BRQ100_REPS1-2-3_146_R3D_D3D.dv	2	257.115	294.999	264.437
211210_BD294_yh2ax_CIS100_NCS100_BRQ100_REPS1-2-3_146_R3D_D3D.dv	4	235.792	259.616	347.523
211210_BD294_yh2ax_CIS100_NCS100_BRQ100_REPS1-2-3_147_R3D_D3D.dv	14	358.294	180.162	297.224
211210_BD294_yh2ax_CIS100_NCS100_BRQ100_REPS1-2-3_147_R3D_D3D.dv	6	245.463	312.308	262.707
211210_BD294_yh2ax_CIS100_NCS100_BRQ100_REPS1-2-3_148_R3D_D3D.dv	8	292.806	287.626	342.777
211210_BD294_yh2ax_CIS100_NCS100_BRQ100_REPS1-2-3_148_R3D_D3D.dv	0	229.759	372.640	226.695
211210_BD294_yh2ax_CIS100_NCS100_BRQ100_REPS1-2-3_148_R3D_D3D.dv	0	214.055	335.754	206.665
211210_BD294_yh2ax_CIS100_NCS100_BRQ100_REPS1-2-3_148_R3D_D3D.dv	3	283.595	261.971	263.864
211210_BD294_yh2ax_CIS100_NCS100_BRQ100_REPS1-2-3_149_R3D_D3D.dv	6	262.411	315.038	391.644
211210_BD294_yh2ax_CIS100_NCS100_BRQ100_REPS1-2-3_149_R3D_D3D.dv	6	299.760	300.697	293.380
211210_BD294_yh2ax_CIS100_NCS100_BRQ100_REPS1-2-3_149_R3D_D3D.dv	2	210.279	288.322	291.075
211210_BD294_yh2ax_CIS100_NCS100_BRQ100_REPS1-2-3_149_R3D_D3D.dv	5	256.332	313.578	305.079
211210_BD294_yh2ax_CIS100_NCS100_BRQ100_REPS1-2-3_150_R3D_D3D.dv	14	293.036	283.403	292.166
211210_BD294_yh2ax_CIS100_NCS100_BRQ100_REPS1-2-3_150_R3D_D3D.dv	2	336.833	235.751	249.990
211210_BD294_yh2ax_CIS100_NCS100_BRQ100_REPS1-2-3_151_R3D_D3D.dv	1	255.733	318.997	312.154
211210_BD294_yh2ax_CIS100_NCS100_BRQ100_REPS1-2-3_151_R3D_D3D.dv	6	302.938	262.723	289.480
211210_BD294_yh2ax_CIS100_NCS100_BRQ100_REPS1-2-3_151_R3D_D3D.dv	4	244.773	344.922	318.400
211210_BD294_yh2ax_CIS100_NCS100_BRQ100_REPS1-2-3_151_R3D_D3D.dv	1	121.811	315.429	246.475
211210_BD294_yh2ax_CIS100_NCS100_BRQ100_REPS1-2-3_151_R3D_D3D.dv	6	239.891	383.795	326.294
211210_BD294_yh2ax_CIS100_NCS100_BRQ100_REPS1-2-3_152_R3D_D3D.dv	17	234.180	373.599	511.038
211210_BD294_yh2ax_CIS100_NCS100_BRQ100_REPS1-2-3_152_R3D_D3D.dv	10	260.154	284.970	406.770
211210_BD294_yh2ax_CIS100_NCS100_BRQ100_REPS1-2-3_152_R3D_D3D.dv	5	271.437	285.952	253.317
211210_BD294_yh2ax_CIS100_NCS100_BRQ100_REPS1-2-3_152_R3D_D3D.dv	31	241.963	389.427	380.956
211210_BD294_yh2ax_CIS100_NCS100_BRQ100_REPS1-2-3_152_R3D_D3D.dv	4	179.147	256.567	306.777
211210_BD294_yh2ax_CIS100_NCS100_BRQ100_REPS1-2-3_153_R3D_D3D.dv	5	241.134	208.389	300.245
211210_BD294_yh2ax_CIS100_NCS100_BRQ100_REPS1-2-3_153_R3D_D3D.dv	3	250.161	387.885	286.977
211210_BD294_yh2ax_CIS100_NCS100_BRQ100_REPS1-2-3_153_R3D_D3D.dv	6	224.049	397.300	370.605
211210_BD294_yh2ax_CIS100_NCS100_BRQ100_REPS1-2-3_153_R3D_D3D.dv	9	257.944	329.922	358.220
211210_BD294_yh2ax_CIS100_NCS100_BRQ100_REPS1-2-3_154_R3D_D3D.dv	8	212.535	273.101	377.796
211210_BD294_yh2ax_CIS100_NCS100_BRQ100_REPS1-2-3_154_R3D_D3D.dv	1	262.042	327.131	288.879
211210_BD294_yh2ax_CIS100_NCS100_BRQ100_REPS1-2-3_155_R3D_D3D.dv	8	257.667	301.148	286.871
211210_BD294_yh2ax_CIS100_NCS100_BRQ100_REPS1-2-3_155_R3D_D3D.dv	1	286.819	300.740	329.081
211210_BD294_yh2ax_CIS100_NCS100_BRQ100_REPS1-2-3_155_R3D_D3D.dv	3	228.838	369.749	457.832
211210_BD294_yh2ax_CIS100_NCS100_BRQ100_REPS1-2-3_155_R3D_D3D.dv	1	252.233	319.480	364.980
211210_BD294_yh2ax_CIS100_NCS100_BRQ100_REPS1-2-3_155_R3D_D3D.dv	6	265.819	258.418	301.160
211210_BD294_yh2ax_CIS100_NCS100_BRQ100_REPS1-2-3_156_R3D_D3D.dv	5	257.760	292.140	277.385
211210_BD294_yh2ax_CIS100_NCS100_BRQ100_REPS1-2-3_156_R3D_D3D.dv	2	236.115	355.766	436.529
211210_BD294_yh2ax_CIS100_NCS100_BRQ100_REPS1-2-3_156_R3D_D3D.dv	2	256.792	302.582	294.079
211210_BD294_yh2ax_CIS100_NCS100_BRQ100_REPS1-2-3_157_R3D_D3D.dv	0	203.923	397.323	204.902
211210_BD294_yh2ax_CIS100_NCS100_BRQ100_REPS1-2-3_157_R3D_D3D.dv	10	314.267	231.594	350.335
211210_BD294_yh2ax_CIS100_NCS100_BRQ100_REPS1-2-3_157_R3D_D3D.dv	5	293.727	251.322	418.541
211210_BD294_yh2ax_CIS100_NCS100_BRQ100_REPS1-2-3_157_R3D_D3D.dv	0	202.496	362.280	202.032
211210_BD294_yh2ax_CIS100_NCS100_BRQ100_REPS1-2-3_158_R3D_D3D.dv	12	321.405	233.710	310.726
211210_BD294_yh2ax_CIS100_NCS100_BRQ100_REPS1-2-3_158_R3D_D3D.dv	8	303.628	236.593	380.303
211210_BD294_yh2ax_CIS100_NCS100_BRQ100_REPS1-2-3_158_R3D_D3D.dv	0	270.931	265.821	236.186
211210_BD294_yh2ax_CIS100_NCS100_BRQ100_REPS1-2-3_159_R3D_D3D.dv	3	214.700	191.446	256.791
211210_BD294_yh2ax_CIS100_NCS100_BRQ100_REPS1-2-3_159_R3D_D3D.dv	1	199.180	332.076	275.811
211210_BD294_yh2ax_CIS100_NCS100_BRQ100_REPS1-2-3_159_R3D_D3D.dv	1	271.898	267.680	233.056
211210_BD294_yh2ax_CIS100_NCS100_BRQ100_REPS1-2-3_159_R3D_D3D.dv	12	303.628	201.423	467.673
211210_BD294_yh2ax_CIS100_NCS100_BRQ100_REPS1-2-3_160_R3D_D3D.dv	4	232.016	392.764	410.954
211210_BD294_yh2ax_CIS100_NCS100_BRQ100_REPS1-2-3_160_R3D_D3D.dv	5	241.134	297.274	410.617
211210_BD294_yh2ax_CIS100_NCS100_BRQ100_REPS1-2-3_160_R3D_D3D.dv	3	252.509	390.805	291.148
211210_BD294_yh2ax_CIS100_NCS100_BRQ100_REPS1-2-3_160_R3D_D3D.dv	2	252.049	310.119	323.822
