filename	num_maxima	area	dapi	yh2ax
211210_BD294_yh2ax_CIS2_NCS2_BRQ2_DMSO2_REP2_031_R3D_D3D.dv	1	80.409	855.674	175.755
211210_BD294_yh2ax_CIS2_NCS2_BRQ2_DMSO2_REP2_031_R3D_D3D.dv	13	126.186	954.265	427.842
211210_BD294_yh2ax_CIS2_NCS2_BRQ2_DMSO2_REP2_031_R3D_D3D.dv	1	82.435	610.442	339.388
211210_BD294_yh2ax_CIS2_NCS2_BRQ2_DMSO2_REP2_032_R3D_D3D.dv	0	137.146	664.194	159.814
211210_BD294_yh2ax_CIS2_NCS2_BRQ2_DMSO2_REP2_032_R3D_D3D.dv	11	125.863	358.814	225.464
211210_BD294_yh2ax_CIS2_NCS2_BRQ2_DMSO2_REP2_032_R3D_D3D.dv	7	126.324	345.053	320.439
211210_BD294_yh2ax_CIS2_NCS2_BRQ2_DMSO2_REP2_032_R3D_D3D.dv	9	136.824	441.202	1452.816
211210_BD294_yh2ax_CIS2_NCS2_BRQ2_DMSO2_REP2_032_R3D_D3D.dv	4	116.791	415.534	287.631
211210_BD294_yh2ax_CIS2_NCS2_BRQ2_DMSO2_REP2_033_R3D_D3D.dv	1	98.876	465.713	572.155
211210_BD294_yh2ax_CIS2_NCS2_BRQ2_DMSO2_REP2_033_R3D_D3D.dv	17	216.127	531.409	267.427
211210_BD294_yh2ax_CIS2_NCS2_BRQ2_DMSO2_REP2_033_R3D_D3D.dv	7	149.489	370.845	259.001
211210_BD294_yh2ax_CIS2_NCS2_BRQ2_DMSO2_REP2_034_R3D_D3D.dv	16	66.731	902.840	697.506
211210_BD294_yh2ax_CIS2_NCS2_BRQ2_DMSO2_REP2_034_R3D_D3D.dv	2	76.264	1147.944	453.714
211210_BD294_yh2ax_CIS2_NCS2_BRQ2_DMSO2_REP2_034_R3D_D3D.dv	0	94.777	1232.738	179.750
211210_BD294_yh2ax_CIS2_NCS2_BRQ2_DMSO2_REP2_035_R3D_D3D.dv	0	64.659	901.402	175.969
211210_BD294_yh2ax_CIS2_NCS2_BRQ2_DMSO2_REP2_035_R3D_D3D.dv	6	98.922	643.469	1605.667
211210_BD294_yh2ax_CIS2_NCS2_BRQ2_DMSO2_REP2_035_R3D_D3D.dv	12	112.876	622.624	375.601
211210_BD294_yh2ax_CIS2_NCS2_BRQ2_DMSO2_REP2_035_R3D_D3D.dv	10	182.923	613.372	300.436
211210_BD294_yh2ax_CIS2_NCS2_BRQ2_DMSO2_REP2_036_R3D_D3D.dv	1	53.744	857.195	254.213
211210_BD294_yh2ax_CIS2_NCS2_BRQ2_DMSO2_REP2_036_R3D_D3D.dv	3	80.685	858.864	2205.769
211210_BD294_yh2ax_CIS2_NCS2_BRQ2_DMSO2_REP2_036_R3D_D3D.dv	17	106.383	606.635	1737.131
211210_BD294_yh2ax_CIS2_NCS2_BRQ2_DMSO2_REP2_036_R3D_D3D.dv	1	90.080	1004.674	243.202
211210_BD294_yh2ax_CIS2_NCS2_BRQ2_DMSO2_REP2_036_R3D_D3D.dv	14	125.725	733.759	840.226
211210_BD294_yh2ax_CIS2_NCS2_BRQ2_DMSO2_REP2_036_R3D_D3D.dv	13	81.652	693.729	858.869
211210_BD294_yh2ax_CIS2_NCS2_BRQ2_DMSO2_REP2_036_R3D_D3D.dv	7	97.080	655.051	423.739
211210_BD294_yh2ax_CIS2_NCS2_BRQ2_DMSO2_REP2_037_R3D_D3D.dv	0	70.738	1139.924	677.767
211210_BD294_yh2ax_CIS2_NCS2_BRQ2_DMSO2_REP2_037_R3D_D3D.dv	7	148.890	820.631	391.521
211210_BD294_yh2ax_CIS2_NCS2_BRQ2_DMSO2_REP2_037_R3D_D3D.dv	2	171.410	719.287	1943.130
211210_BD294_yh2ax_CIS2_NCS2_BRQ2_DMSO2_REP2_037_R3D_D3D.dv	0	162.337	1192.015	639.665
211210_BD294_yh2ax_CIS2_NCS2_BRQ2_DMSO2_REP2_037_R3D_D3D.dv	7	73.685	665.364	773.551
211210_BD294_yh2ax_CIS2_NCS2_BRQ2_DMSO2_REP2_037_R3D_D3D.dv	1	35.783	817.692	368.699
211210_BD294_yh2ax_CIS2_NCS2_BRQ2_DMSO2_REP2_038_R3D_D3D.dv	1	72.165	867.616	237.886
211210_BD294_yh2ax_CIS2_NCS2_BRQ2_DMSO2_REP2_038_R3D_D3D.dv	0	141.752	725.351	348.060
211210_BD294_yh2ax_CIS2_NCS2_BRQ2_DMSO2_REP2_038_R3D_D3D.dv	0	91.968	1095.486	164.125
211210_BD294_yh2ax_CIS2_NCS2_BRQ2_DMSO2_REP2_038_R3D_D3D.dv	3	76.817	499.254	309.496
211210_BD294_yh2ax_CIS2_NCS2_BRQ2_DMSO2_REP2_038_R3D_D3D.dv	7	82.481	623.847	617.443
211210_BD294_yh2ax_CIS2_NCS2_BRQ2_DMSO2_REP2_038_R3D_D3D.dv	1	40.573	771.415	316.477
211210_BD294_yh2ax_CIS2_NCS2_BRQ2_DMSO2_REP2_038_R3D_D3D.dv	7	146.219	889.479	402.875
211210_BD294_yh2ax_CIS2_NCS2_BRQ2_DMSO2_REP2_039_R3D_D3D.dv	18	187.068	621.096	659.381
211210_BD294_yh2ax_CIS2_NCS2_BRQ2_DMSO2_REP2_039_R3D_D3D.dv	4	119.554	475.723	583.644
211210_BD294_yh2ax_CIS2_NCS2_BRQ2_DMSO2_REP2_039_R3D_D3D.dv	0	65.488	786.390	224.783
211210_BD294_yh2ax_CIS2_NCS2_BRQ2_DMSO2_REP2_040_R3D_D3D.dv	0	73.915	811.044	165.471
211210_BD294_yh2ax_CIS2_NCS2_BRQ2_DMSO2_REP2_040_R3D_D3D.dv	13	147.278	800.305	309.066
211210_BD294_yh2ax_CIS2_NCS2_BRQ2_DMSO2_REP2_040_R3D_D3D.dv	2	85.521	418.458	694.969
211210_BD294_yh2ax_CIS2_NCS2_BRQ2_DMSO2_REP2_040_R3D_D3D.dv	15	192.732	541.710	288.922
211210_BD294_yh2ax_CIS2_NCS2_BRQ2_DMSO2_REP2_040_R3D_D3D.dv	10	107.764	538.392	378.637
211210_BD294_yh2ax_CIS2_NCS2_BRQ2_DMSO2_REP2_041_R3D_D3D.dv	3	96.297	506.111	222.704
211210_BD294_yh2ax_CIS2_NCS2_BRQ2_DMSO2_REP2_041_R3D_D3D.dv	16	209.219	512.577	354.352
211210_BD294_yh2ax_CIS2_NCS2_BRQ2_DMSO2_REP2_041_R3D_D3D.dv	0	117.390	911.905	242.417
211210_BD294_yh2ax_CIS2_NCS2_BRQ2_DMSO2_REP2_041_R3D_D3D.dv	0	48.402	620.625	266.702
211210_BD294_yh2ax_CIS2_NCS2_BRQ2_DMSO2_REP2_041_R3D_D3D.dv	3	157.778	774.116	462.241
211210_BD294_yh2ax_CIS2_NCS2_BRQ2_DMSO2_REP2_041_R3D_D3D.dv	7	86.119	522.136	398.951
211210_BD294_yh2ax_CIS2_NCS2_BRQ2_DMSO2_REP2_042_R3D_D3D.dv	9	135.166	527.685	449.288
211210_BD294_yh2ax_CIS2_NCS2_BRQ2_DMSO2_REP2_042_R3D_D3D.dv	5	70.738	233.337	219.657
211210_BD294_yh2ax_CIS2_NCS2_BRQ2_DMSO2_REP2_042_R3D_D3D.dv	5	118.771	263.535	238.974
211210_BD294_yh2ax_CIS2_NCS2_BRQ2_DMSO2_REP2_042_R3D_D3D.dv	1	386.432	206.010	241.462
211210_BD294_yh2ax_CIS2_NCS2_BRQ2_DMSO2_REP2_042_R3D_D3D.dv	1	143.686	349.228	533.213
211210_BD294_yh2ax_CIS2_NCS2_BRQ2_DMSO2_REP2_043_R3D_D3D.dv	0	147.462	870.884	175.629
211210_BD294_yh2ax_CIS2_NCS2_BRQ2_DMSO2_REP2_043_R3D_D3D.dv	0	119.186	785.472	288.246
211210_BD294_yh2ax_CIS2_NCS2_BRQ2_DMSO2_REP2_043_R3D_D3D.dv	3	121.903	408.765	706.789
211210_BD294_yh2ax_CIS2_NCS2_BRQ2_DMSO2_REP2_043_R3D_D3D.dv	4	105.370	482.533	288.578
211210_BD294_yh2ax_CIS2_NCS2_BRQ2_DMSO2_REP2_044_R3D_D3D.dv	15	136.548	1023.783	793.999
211210_BD294_yh2ax_CIS2_NCS2_BRQ2_DMSO2_REP2_044_R3D_D3D.dv	8	138.574	937.175	349.253
211210_BD294_yh2ax_CIS2_NCS2_BRQ2_DMSO2_REP2_044_R3D_D3D.dv	0	79.810	1222.635	204.205
211210_BD294_yh2ax_CIS2_NCS2_BRQ2_DMSO2_REP2_045_R3D_D3D.dv	6	167.127	776.726	248.627
211210_BD294_yh2ax_CIS2_NCS2_BRQ2_DMSO2_REP2_045_R3D_D3D.dv	1	170.489	907.408	229.851
211210_BD294_yh2ax_CIS2_NCS2_BRQ2_DMSO2_REP2_045_R3D_D3D.dv	4	107.718	453.932	1270.614
211210_BD294_yh2ax_CIS2_NCS2_BRQ2_DMSO2_REP2_046_R3D_D3D.dv	6	138.988	384.862	404.815
211210_BD294_yh2ax_CIS2_NCS2_BRQ2_DMSO2_REP2_046_R3D_D3D.dv	11	196.140	701.269	255.012
211210_BD294_yh2ax_CIS2_NCS2_BRQ2_DMSO2_REP2_046_R3D_D3D.dv	9	117.666	489.102	1341.683
211210_BD294_yh2ax_CIS2_NCS2_BRQ2_DMSO2_REP2_046_R3D_D3D.dv	15	244.819	430.233	409.333
211210_BD294_yh2ax_CIS2_NCS2_BRQ2_DMSO2_REP2_046_R3D_D3D.dv	6	114.074	420.695	338.995
211210_BD294_yh2ax_CIS2_NCS2_BRQ2_DMSO2_REP2_046_R3D_D3D.dv	3	45.961	351.611	887.766
211210_BD294_yh2ax_CIS2_NCS2_BRQ2_DMSO2_REP2_047_R3D_D3D.dv	5	249.148	507.274	298.580
211210_BD294_yh2ax_CIS2_NCS2_BRQ2_DMSO2_REP2_047_R3D_D3D.dv	5	126.140	562.300	1089.227
211210_BD294_yh2ax_CIS2_NCS2_BRQ2_DMSO2_REP2_047_R3D_D3D.dv	7	150.732	363.045	841.612
211210_BD294_yh2ax_CIS2_NCS2_BRQ2_DMSO2_REP2_047_R3D_D3D.dv	7	126.692	423.413	435.766
211210_BD294_yh2ax_CIS2_NCS2_BRQ2_DMSO2_REP2_047_R3D_D3D.dv	3	140.646	347.790	401.340
211210_BD294_yh2ax_CIS2_NCS2_BRQ2_DMSO2_REP2_048_R3D_D3D.dv	4	171.502	657.863	215.004
211210_BD294_yh2ax_CIS2_NCS2_BRQ2_DMSO2_REP2_048_R3D_D3D.dv	13	260.753	952.577	274.177
211210_BD294_yh2ax_CIS2_NCS2_BRQ2_DMSO2_REP2_048_R3D_D3D.dv	11	144.054	898.481	728.905
211210_BD294_yh2ax_CIS2_NCS2_BRQ2_DMSO2_REP2_049_R3D_D3D.dv	1	91.968	449.431	178.722
211210_BD294_yh2ax_CIS2_NCS2_BRQ2_DMSO2_REP2_049_R3D_D3D.dv	2	163.903	837.563	222.267
211210_BD294_yh2ax_CIS2_NCS2_BRQ2_DMSO2_REP2_049_R3D_D3D.dv	8	109.238	457.073	285.402
211210_BD294_yh2ax_CIS2_NCS2_BRQ2_DMSO2_REP2_049_R3D_D3D.dv	25	196.279	583.504	364.847
211210_BD294_yh2ax_CIS2_NCS2_BRQ2_DMSO2_REP2_050_R3D_D3D.dv	6	191.489	697.104	281.949
211210_BD294_yh2ax_CIS2_NCS2_BRQ2_DMSO2_REP2_050_R3D_D3D.dv	6	111.357	454.954	580.074
211210_BD294_yh2ax_CIS2_NCS2_BRQ2_DMSO2_REP2_050_R3D_D3D.dv	10	95.606	602.482	330.718
211210_BD294_yh2ax_CIS2_NCS2_BRQ2_DMSO2_REP2_051_R3D_D3D.dv	3	83.310	397.104	218.580
211210_BD294_yh2ax_CIS2_NCS2_BRQ2_DMSO2_REP2_051_R3D_D3D.dv	20	182.555	775.811	410.897
211210_BD294_yh2ax_CIS2_NCS2_BRQ2_DMSO2_REP2_051_R3D_D3D.dv	1	126.738	896.532	324.955
211210_BD294_yh2ax_CIS2_NCS2_BRQ2_DMSO2_REP2_052_R3D_D3D.dv	20	191.443	496.237	313.401
211210_BD294_yh2ax_CIS2_NCS2_BRQ2_DMSO2_REP2_052_R3D_D3D.dv	14	159.298	751.665	1087.497
211210_BD294_yh2ax_CIS2_NCS2_BRQ2_DMSO2_REP2_052_R3D_D3D.dv	6	89.573	496.603	211.371
211210_BD294_yh2ax_CIS2_NCS2_BRQ2_DMSO2_REP2_052_R3D_D3D.dv	4	85.337	620.523	419.511
211210_BD294_yh2ax_CIS2_NCS2_BRQ2_DMSO2_REP2_052_R3D_D3D.dv	19	176.982	673.029	618.784
211210_BD294_yh2ax_CIS2_NCS2_BRQ2_DMSO2_REP2_053_R3D_D3D.dv	4	162.982	258.215	207.042
211210_BD294_yh2ax_CIS2_NCS2_BRQ2_DMSO2_REP2_053_R3D_D3D.dv	18	207.423	270.139	276.040
211210_BD294_yh2ax_CIS2_NCS2_BRQ2_DMSO2_REP2_053_R3D_D3D.dv	12	165.101	353.640	326.589
211210_BD294_yh2ax_CIS2_NCS2_BRQ2_DMSO2_REP2_054_R3D_D3D.dv	15	176.430	604.285	490.315
211210_BD294_yh2ax_CIS2_NCS2_BRQ2_DMSO2_REP2_054_R3D_D3D.dv	5	225.522	458.401	222.935
211210_BD294_yh2ax_CIS2_NCS2_BRQ2_DMSO2_REP2_055_R3D_D3D.dv	2	118.909	386.085	314.587
211210_BD294_yh2ax_CIS2_NCS2_BRQ2_DMSO2_REP2_055_R3D_D3D.dv	5	116.376	479.203	490.930
211210_BD294_yh2ax_CIS2_NCS2_BRQ2_DMSO2_REP2_056_R3D_D3D.dv	3	158.147	781.440	697.819
211210_BD294_yh2ax_CIS2_NCS2_BRQ2_DMSO2_REP2_056_R3D_D3D.dv	10	80.685	625.513	240.318
211210_BD294_yh2ax_CIS2_NCS2_BRQ2_DMSO2_REP2_056_R3D_D3D.dv	3	76.909	685.044	1263.159
211210_BD294_yh2ax_CIS2_NCS2_BRQ2_DMSO2_REP2_056_R3D_D3D.dv	1	148.798	812.637	740.130
211210_BD294_yh2ax_CIS2_NCS2_BRQ2_DMSO2_REP2_057_R3D_D3D.dv	0	95.054	823.024	277.964
211210_BD294_yh2ax_CIS2_NCS2_BRQ2_DMSO2_REP2_057_R3D_D3D.dv	13	159.574	861.949	487.397
211210_BD294_yh2ax_CIS2_NCS2_BRQ2_DMSO2_REP2_057_R3D_D3D.dv	0	62.770	801.837	157.924
211210_BD294_yh2ax_CIS2_NCS2_BRQ2_DMSO2_REP2_057_R3D_D3D.dv	2	50.014	784.308	1457.506
211210_BD294_yh2ax_CIS2_NCS2_BRQ2_DMSO2_REP2_057_R3D_D3D.dv	8	85.383	586.414	311.416
211210_BD294_yh2ax_CIS2_NCS2_BRQ2_DMSO2_REP2_058_R3D_D3D.dv	5	249.194	363.916	392.428
211210_BD294_yh2ax_CIS2_NCS2_BRQ2_DMSO2_REP2_058_R3D_D3D.dv	6	119.968	322.151	203.957
211210_BD294_yh2ax_CIS2_NCS2_BRQ2_DMSO2_REP2_058_R3D_D3D.dv	1	126.969	801.051	186.686
211210_BD294_yh2ax_CIS2_NCS2_BRQ2_DMSO2_REP2_058_R3D_D3D.dv	6	116.238	418.930	378.552
211210_BD294_yh2ax_CIS2_NCS2_BRQ2_DMSO2_REP2_059_R3D_D3D.dv	0	99.152	954.233	172.882
211210_BD294_yh2ax_CIS2_NCS2_BRQ2_DMSO2_REP2_059_R3D_D3D.dv	1	155.798	596.490	354.266
211210_BD294_yh2ax_CIS2_NCS2_BRQ2_DMSO2_REP2_059_R3D_D3D.dv	10	201.989	536.030	279.241
211210_BD294_yh2ax_CIS2_NCS2_BRQ2_DMSO2_REP2_059_R3D_D3D.dv	15	161.785	725.211	383.243
211210_BD294_yh2ax_CIS2_NCS2_BRQ2_DMSO2_REP2_059_R3D_D3D.dv	10	172.239	756.079	317.943
211210_BD294_yh2ax_CIS2_NCS2_BRQ2_DMSO2_REP2_059_R3D_D3D.dv	7	146.817	800.951	290.248
211210_BD294_yh2ax_CIS2_NCS2_BRQ2_DMSO2_REP2_060_R3D_D3D.dv	0	137.008	667.097	182.160
211210_BD294_yh2ax_CIS2_NCS2_BRQ2_DMSO2_REP2_060_R3D_D3D.dv	2	138.252	318.651	185.284
211210_BD294_yh2ax_CIS2_NCS2_BRQ2_DMSO2_REP2_060_R3D_D3D.dv	5	142.811	346.097	230.192
211210_BD294_yh2ax_CIS2_NCS2_BRQ2_DMSO2_REP2_060_R3D_D3D.dv	9	145.620	344.842	345.347
211210_BD294_yh2ax_CIS2_NCS2_BRQ2_DMSO2_REP2_060_R3D_D3D.dv	1	123.745	384.275	529.175
211210_BD294_yh2ax_CIS2_NCS2_BRQ2_DMSO2_REP2_060_R3D_D3D.dv	6	130.469	377.409	342.298
