filename	num_maxima	area	dapi	yh2ax
211210_BD294_yh2ax_ncs2_brq2_dmso2_rep1_01_R3D_D3D.dv	0	127.844	526.902	4422.928
211210_BD294_yh2ax_ncs2_brq2_dmso2_rep1_01_R3D_D3D.dv	23	108.041	637.905	850.428
211210_BD294_yh2ax_ncs2_brq2_dmso2_rep1_01_R3D_D3D.dv	0	75.665	716.075	497.611
211210_BD294_yh2ax_ncs2_brq2_dmso2_rep1_60_R3D_D3D.dv	6	163.212	337.511	234.155
211210_BD294_yh2ax_ncs2_brq2_dmso2_rep1_60_R3D_D3D.dv	20	156.120	608.412	539.257
211210_BD294_yh2ax_ncs2_brq2_dmso2_rep1_61_R3D_D3D.dv	21	148.337	550.777	435.980
211210_BD294_yh2ax_ncs2_brq2_dmso2_rep1_61_R3D_D3D.dv	2	73.178	324.761	209.958
211210_BD294_yh2ax_ncs2_brq2_dmso2_rep1_62_R3D_D3D.dv	0	91.093	644.343	196.475
211210_BD294_yh2ax_ncs2_brq2_dmso2_rep1_62_R3D_D3D.dv	3	157.548	581.165	239.469
211210_BD294_yh2ax_ncs2_brq2_dmso2_rep1_62_R3D_D3D.dv	13	153.771	545.513	512.613
211210_BD294_yh2ax_ncs2_brq2_dmso2_rep1_62_R3D_D3D.dv	7	80.225	408.692	406.638
211210_BD294_yh2ax_ncs2_brq2_dmso2_rep1_62_R3D_D3D.dv	6	121.120	709.676	283.841
211210_BD294_yh2ax_ncs2_brq2_dmso2_rep1_63_R3D_D3D.dv	15	176.982	448.070	547.481
211210_BD294_yh2ax_ncs2_brq2_dmso2_rep1_64_R3D_D3D.dv	10	126.738	674.873	387.828
211210_BD294_yh2ax_ncs2_brq2_dmso2_rep1_64_R3D_D3D.dv	8	128.350	676.504	397.487
211210_BD294_yh2ax_ncs2_brq2_dmso2_rep1_64_R3D_D3D.dv	2	52.086	529.490	557.373
211210_BD294_yh2ax_ncs2_brq2_dmso2_rep1_64_R3D_D3D.dv	16	121.718	695.661	463.926
211210_BD294_yh2ax_ncs2_brq2_dmso2_rep1_65_R3D_D3D.dv	5	125.587	616.694	272.781
211210_BD294_yh2ax_ncs2_brq2_dmso2_rep1_65_R3D_D3D.dv	27	125.034	675.259	638.409
211210_BD294_yh2ax_ncs2_brq2_dmso2_rep1_65_R3D_D3D.dv	0	79.442	641.130	209.569
211210_BD294_yh2ax_ncs2_brq2_dmso2_rep1_65_R3D_D3D.dv	1	167.633	895.421	223.454
211210_BD294_yh2ax_ncs2_brq2_dmso2_rep1_66_R3D_D3D.dv	6	138.390	692.586	229.571
211210_BD294_yh2ax_ncs2_brq2_dmso2_rep1_66_R3D_D3D.dv	15	159.620	548.288	314.783
211210_BD294_yh2ax_ncs2_brq2_dmso2_rep1_66_R3D_D3D.dv	6	73.639	494.303	523.291
211210_BD294_yh2ax_ncs2_brq2_dmso2_rep1_67_R3D_D3D.dv	3	62.540	353.838	944.937
211210_BD294_yh2ax_ncs2_brq2_dmso2_rep1_67_R3D_D3D.dv	5	69.771	508.636	311.646
211210_BD294_yh2ax_ncs2_brq2_dmso2_rep1_67_R3D_D3D.dv	5	132.541	745.363	513.556
211210_BD294_yh2ax_ncs2_brq2_dmso2_rep1_67_R3D_D3D.dv	9	65.349	559.778	304.664
211210_BD294_yh2ax_ncs2_brq2_dmso2_rep1_67_R3D_D3D.dv	9	77.093	535.259	574.198
211210_BD294_yh2ax_ncs2_brq2_dmso2_rep1_67_R3D_D3D.dv	0	67.698	713.503	211.541
211210_BD294_yh2ax_ncs2_brq2_dmso2_rep1_67_R3D_D3D.dv	10	73.593	496.821	393.931
211210_BD294_yh2ax_ncs2_brq2_dmso2_rep1_68_R3D_D3D.dv	8	137.929	679.670	310.874
211210_BD294_yh2ax_ncs2_brq2_dmso2_rep1_68_R3D_D3D.dv	5	66.455	406.863	304.608
211210_BD294_yh2ax_ncs2_brq2_dmso2_rep1_69_R3D_D3D.dv	1	117.620	809.226	205.041
211210_BD294_yh2ax_ncs2_brq2_dmso2_rep1_69_R3D_D3D.dv	5	71.659	500.820	724.350
211210_BD294_yh2ax_ncs2_brq2_dmso2_rep1_69_R3D_D3D.dv	8	76.863	420.957	248.689
211210_BD294_yh2ax_ncs2_brq2_dmso2_rep1_70_R3D_D3D.dv	3	141.844	254.034	341.529
211210_BD294_yh2ax_ncs2_brq2_dmso2_rep1_70_R3D_D3D.dv	5	98.600	414.547	606.981
211210_BD294_yh2ax_ncs2_brq2_dmso2_rep1_70_R3D_D3D.dv	10	123.238	327.991	252.278
211210_BD294_yh2ax_ncs2_brq2_dmso2_rep1_70_R3D_D3D.dv	3	155.245	238.382	399.274
211210_BD294_yh2ax_ncs2_brq2_dmso2_rep1_70_R3D_D3D.dv	5	125.817	274.607	214.843
211210_BD294_yh2ax_ncs2_brq2_dmso2_rep1_70_R3D_D3D.dv	3	112.876	354.244	257.302
211210_BD294_yh2ax_ncs2_brq2_dmso2_rep1_71_R3D_D3D.dv	23	216.588	446.692	292.342
211210_BD294_yh2ax_ncs2_brq2_dmso2_rep1_71_R3D_D3D.dv	9	126.738	332.189	249.759
211210_BD294_yh2ax_ncs2_brq2_dmso2_rep1_71_R3D_D3D.dv	10	117.804	322.024	314.754
211210_BD294_yh2ax_ncs2_brq2_dmso2_rep1_72_R3D_D3D.dv	3	93.902	564.823	1923.952
211210_BD294_yh2ax_ncs2_brq2_dmso2_rep1_72_R3D_D3D.dv	6	122.363	423.507	370.328
211210_BD294_yh2ax_ncs2_brq2_dmso2_rep1_72_R3D_D3D.dv	9	163.673	719.341	739.710
211210_BD294_yh2ax_ncs2_brq2_dmso2_rep1_73_R3D_D3D.dv	3	61.113	281.131	283.909
211210_BD294_yh2ax_ncs2_brq2_dmso2_rep1_73_R3D_D3D.dv	5	53.422	299.544	266.822
211210_BD294_yh2ax_ncs2_brq2_dmso2_rep1_73_R3D_D3D.dv	12	114.258	294.938	287.357
211210_BD294_yh2ax_ncs2_brq2_dmso2_rep1_73_R3D_D3D.dv	21	186.976	615.472	661.990
211210_BD294_yh2ax_ncs2_brq2_dmso2_rep1_73_R3D_D3D.dv	16	228.608	396.666	239.460
211210_BD294_yh2ax_ncs2_brq2_dmso2_rep1_73_R3D_D3D.dv	8	97.310	396.124	242.243
211210_BD294_yh2ax_ncs2_brq2_dmso2_rep1_74_R3D_D3D.dv	0	109.192	836.080	202.480
211210_BD294_yh2ax_ncs2_brq2_dmso2_rep1_74_R3D_D3D.dv	9	150.271	613.856	262.967
211210_BD294_yh2ax_ncs2_brq2_dmso2_rep1_75_R3D_D3D.dv	4	89.665	894.587	263.017
211210_BD294_yh2ax_ncs2_brq2_dmso2_rep1_75_R3D_D3D.dv	1	68.113	916.521	268.736
211210_BD294_yh2ax_ncs2_brq2_dmso2_rep1_75_R3D_D3D.dv	1	71.152	969.971	269.450
211210_BD294_yh2ax_ncs2_brq2_dmso2_rep1_75_R3D_D3D.dv	0	83.817	893.098	232.141
211210_BD294_yh2ax_ncs2_brq2_dmso2_rep1_75_R3D_D3D.dv	0	60.606	777.483	222.420
211210_BD294_yh2ax_ncs2_brq2_dmso2_rep1_76_R3D_D3D.dv	4	136.640	252.821	194.329
211210_BD294_yh2ax_ncs2_brq2_dmso2_rep1_76_R3D_D3D.dv	4	118.311	342.063	303.150
211210_BD294_yh2ax_ncs2_brq2_dmso2_rep1_76_R3D_D3D.dv	5	149.489	271.554	236.187
211210_BD294_yh2ax_ncs2_brq2_dmso2_rep1_76_R3D_D3D.dv	10	139.081	281.061	169.866
211210_BD294_yh2ax_ncs2_brq2_dmso2_rep1_77_R3D_D3D.dv	0	159.482	1024.429	224.284
211210_BD294_yh2ax_ncs2_brq2_dmso2_rep1_77_R3D_D3D.dv	1	56.093	571.121	336.487
211210_BD294_yh2ax_ncs2_brq2_dmso2_rep1_77_R3D_D3D.dv	6	48.955	440.199	251.733
211210_BD294_yh2ax_ncs2_brq2_dmso2_rep1_78_R3D_D3D.dv	23	159.022	667.725	1310.494
211210_BD294_yh2ax_ncs2_brq2_dmso2_rep1_78_R3D_D3D.dv	9	177.167	599.331	677.308
211210_BD294_yh2ax_ncs2_brq2_dmso2_rep1_78_R3D_D3D.dv	10	93.396	525.746	400.782
211210_BD294_yh2ax_ncs2_brq2_dmso2_rep1_78_R3D_D3D.dv	0	105.830	584.106	204.648
211210_BD294_yh2ax_ncs2_brq2_dmso2_rep1_79_R3D_D3D.dv	6	132.127	298.510	194.389
211210_BD294_yh2ax_ncs2_brq2_dmso2_rep1_79_R3D_D3D.dv	2	129.179	352.037	364.429
211210_BD294_yh2ax_ncs2_brq2_dmso2_rep1_80_R3D_D3D.dv	16	129.133	735.583	415.655
211210_BD294_yh2ax_ncs2_brq2_dmso2_rep1_80_R3D_D3D.dv	16	145.298	750.990	321.666
211210_BD294_yh2ax_ncs2_brq2_dmso2_rep1_81_R3D_D3D.dv	4	144.607	753.357	252.584
211210_BD294_yh2ax_ncs2_brq2_dmso2_rep1_81_R3D_D3D.dv	17	160.818	579.711	354.086
211210_BD294_yh2ax_ncs2_brq2_dmso2_rep1_81_R3D_D3D.dv	4	99.152	317.834	645.025
211210_BD294_yh2ax_ncs2_brq2_dmso2_rep1_81_R3D_D3D.dv	0	48.448	421.074	211.152
211210_BD294_yh2ax_ncs2_brq2_dmso2_rep1_82_R3D_D3D.dv	12	119.140	676.766	314.687
211210_BD294_yh2ax_ncs2_brq2_dmso2_rep1_82_R3D_D3D.dv	12	123.791	672.164	513.573
211210_BD294_yh2ax_ncs2_brq2_dmso2_rep1_83_R3D_D3D.dv	3	141.429	250.451	207.387
211210_BD294_yh2ax_ncs2_brq2_dmso2_rep1_83_R3D_D3D.dv	7	144.008	258.923	291.898
211210_BD294_yh2ax_ncs2_brq2_dmso2_rep1_83_R3D_D3D.dv	13	120.153	360.710	535.581
211210_BD294_yh2ax_ncs2_brq2_dmso2_rep1_83_R3D_D3D.dv	1	152.068	232.236	514.760
211210_BD294_yh2ax_ncs2_brq2_dmso2_rep1_83_R3D_D3D.dv	6	145.436	278.120	242.006
211210_BD294_yh2ax_ncs2_brq2_dmso2_rep1_84_R3D_D3D.dv	11	180.344	591.377	373.858
211210_BD294_yh2ax_ncs2_brq2_dmso2_rep1_84_R3D_D3D.dv	5	100.212	385.933	290.824
211210_BD294_yh2ax_ncs2_brq2_dmso2_rep1_84_R3D_D3D.dv	1	110.021	283.817	371.463
211210_BD294_yh2ax_ncs2_brq2_dmso2_rep1_84_R3D_D3D.dv	2	111.126	327.338	283.636
211210_BD294_yh2ax_ncs2_brq2_dmso2_rep1_84_R3D_D3D.dv	0	61.020	301.922	231.472
211210_BD294_yh2ax_ncs2_brq2_dmso2_rep1_85_R3D_D3D.dv	18	229.713	329.139	231.016
211210_BD294_yh2ax_ncs2_brq2_dmso2_rep1_85_R3D_D3D.dv	0	34.770	362.168	276.236
211210_BD294_yh2ax_ncs2_brq2_dmso2_rep1_85_R3D_D3D.dv	1	138.436	510.013	204.826
211210_BD294_yh2ax_ncs2_brq2_dmso2_rep1_85_R3D_D3D.dv	0	31.316	380.181	134.197
211210_BD294_yh2ax_ncs2_brq2_dmso2_rep1_86_R3D_D3D.dv	1	170.212	521.818	320.865
211210_BD294_yh2ax_ncs2_brq2_dmso2_rep1_86_R3D_D3D.dv	0	132.449	449.493	205.214
211210_BD294_yh2ax_ncs2_brq2_dmso2_rep1_87_R3D_D3D.dv	6	62.540	673.580	1005.684
211210_BD294_yh2ax_ncs2_brq2_dmso2_rep1_87_R3D_D3D.dv	27	239.062	673.312	606.201
211210_BD294_yh2ax_ncs2_brq2_dmso2_rep1_87_R3D_D3D.dv	0	103.251	808.948	246.696
211210_BD294_yh2ax_ncs2_brq2_dmso2_rep1_87_R3D_D3D.dv	1	122.686	831.692	258.431
